22  22
Ground 0
Shank 1
Foot 2
Thigh 3
Aux_MarkerSet_G10_RS 4
Aux_MarkerSet_G10_LM 5
Aux_MarkerSet_G10_MM 6
Aux_MarkerSet_G10_F1 7
Aux_MarkerSet_G10_F2 8
Aux_MarkerSet_G10_F3 9
Aux_MarkerSet_G10_RT 10
Aux_MarkerSet_G10_LFE 11
Aux_MarkerSet_G10_MFE 12
MeasuredMarker_MarkerSet_G10_RS 13
MeasuredMarker_MarkerSet_G10_LM 14
MeasuredMarker_MarkerSet_G10_MM 15
MeasuredMarker_MarkerSet_G10_F1 16
MeasuredMarker_MarkerSet_G10_F2 17
MeasuredMarker_MarkerSet_G10_F3 18
MeasuredMarker_MarkerSet_G10_RT 19
MeasuredMarker_MarkerSet_G10_LFE 20
MeasuredMarker_MarkerSet_G10_MFE 21
    0.0000 /Time
  1.000000   0.000000   0.000000   0.000000
  0.000000   1.000000   0.000000   0.000000
  0.000000   0.000000   1.000000   0.000000
  0.000000   0.000000   0.000000   1.000000
  0.011144  -0.042449  -0.999036  -0.137722
 -0.203908   0.978008  -0.043830   0.509213
  0.978927   0.204200   0.002244   0.638593
  0.000000   0.000000   0.000000   1.000000
  0.036989  -0.568452  -0.821884  -0.137722
 -0.813402   0.460652  -0.355215   0.509213
  0.580525   0.681661  -0.445341   0.638593
  0.000000   0.000000   0.000000   1.000000
 -0.043886  -0.000323  -0.999036  -0.153250
  0.998079  -0.043784  -0.043830   0.866968
 -0.043728  -0.999041   0.002244   0.713289
  0.000000   0.000000   0.000000   1.000000
  0.007820  -0.323132  -0.646786  -0.166041
 -0.002670  -0.946354   0.220845   0.623690
 -0.007737   0.000000  -0.729997   0.700600
  0.000000   0.000000   0.000000   1.000000
  0.005421   0.000000  -0.948451  -0.181504
 -0.015104   0.365035  -0.295055   0.517089
  0.005922   0.930994   0.115689   0.614747
  0.000000   0.000000   0.000000   1.000000
  0.010230  -0.380264  -0.469054  -0.109587
 -0.004206  -0.924878   0.192852   0.520548
 -0.006509   0.000000  -0.861856   0.663005
  0.000000   0.000000   0.000000   1.000000
 -0.016766  -0.780476   0.213665  -0.089899
 -0.009753   0.000000  -0.939787   0.397429
  0.020931  -0.625186  -0.266737   0.670534
  0.000000   0.000000   0.000000   1.000000
  0.005708   0.880767  -0.137281  -0.169530
 -0.003651   0.000000  -0.957058   0.452956
 -0.010616   0.473551   0.255332   0.672183
  0.000000   0.000000   0.000000   1.000000
 -0.007021   0.850278  -0.141620  -0.174831
  0.003727   0.000000  -0.963121   0.388365
 -0.011342  -0.526333  -0.228783   0.632135
  0.000000   0.000000   0.000000   1.000000
 -0.011486   0.720864  -0.324717  -0.140119
  0.008789   0.000000  -0.883456   0.950993
 -0.011947  -0.693077  -0.337736   0.596348
  0.000000   0.000000   0.000000   1.000000
  0.005056  -0.904498   0.141514  -0.213254
  0.004170   0.000000  -0.943342   0.860125
  0.010722   0.426477   0.300131   0.696697
  0.000000   0.000000   0.000000   1.000000
  0.001039   0.000000  -0.998832  -0.099340
  0.018698   0.492316   0.042051   0.850943
  0.010576  -0.870417   0.023784   0.708584
  0.000000   0.000000   0.000000   1.000000
  1.000000   0.000000   0.000000  -0.166041
  0.000000   1.000000   0.000000   0.623690
  0.000000   0.000000   1.000000   0.700600
  0.000000   0.000000   0.000000   1.000000
  1.000000   0.000000   0.000000  -0.181504
  0.000000   1.000000   0.000000   0.517089
  0.000000   0.000000   1.000000   0.614747
  0.000000   0.000000   0.000000   1.000000
  1.000000   0.000000   0.000000  -0.109587
  0.000000   1.000000   0.000000   0.520548
  0.000000   0.000000   1.000000   0.663005
  0.000000   0.000000   0.000000   1.000000
  1.000000   0.000000   0.000000  -0.089899
  0.000000   1.000000   0.000000   0.397429
  0.000000   0.000000   1.000000   0.670534
  0.000000   0.000000   0.000000   1.000000
  1.000000   0.000000   0.000000  -0.169530
  0.000000   1.000000   0.000000   0.452956
  0.000000   0.000000   1.000000   0.672183
  0.000000   0.000000   0.000000   1.000000
  1.000000   0.000000   0.000000  -0.174831
  0.000000   1.000000   0.000000   0.388365
  0.000000   0.000000   1.000000   0.632135
  0.000000   0.000000   0.000000   1.000000
  1.000000   0.000000   0.000000  -0.140119
  0.000000   1.000000   0.000000   0.950993
  0.000000   0.000000   1.000000   0.596348
  0.000000   0.000000   0.000000   1.000000
  1.000000   0.000000   0.000000  -0.213254
  0.000000   1.000000   0.000000   0.860125
  0.000000   0.000000   1.000000   0.696697
  0.000000   0.000000   0.000000   1.000000
  1.000000   0.000000   0.000000  -0.099340
  0.000000   1.000000   0.000000   0.850943
  0.000000   0.000000   1.000000   0.708584
  0.000000   0.000000   0.000000   1.000000
    0.0100 /Time
  1.000000   0.000000   0.000000   0.000000
  0.000000   1.000000   0.000000   0.000000
  0.000000   0.000000   1.000000   0.000000
  0.000000   0.000000   0.000000   1.000000
  0.011076  -0.042433  -0.999038  -0.137715
 -0.203929   0.978005  -0.043801   0.509212
  0.978923   0.204218   0.002179   0.638580
  0.000000   0.000000   0.000000   1.000000
  0.036919  -0.568191  -0.822068  -0.137715
 -0.813183   0.461057  -0.355190   0.509212
  0.580836   0.681605  -0.445022   0.638580
  0.000000   0.000000   0.000000   1.000000
 -0.043854  -0.000260  -0.999038  -0.153237
  0.998081  -0.043776  -0.043801   0.866966
 -0.043723  -0.999041   0.002179   0.713283
  0.000000   0.000000   0.000000   1.000000
  0.007647  -0.334252  -0.646003  -0.165861
 -0.002712  -0.942484   0.229105   0.623730
 -0.007638   0.000000  -0.728142   0.700489
  0.000000   0.000000   0.000000   1.000000
  0.005273   0.000000  -0.950962  -0.181347
 -0.015047   0.372047  -0.287104   0.517033
  0.006031   0.928214   0.115077   0.614622
  0.000000   0.000000   0.000000   1.000000
  0.010049  -0.388075  -0.464862  -0.109401
 -0.004231  -0.921628   0.195742   0.520571
 -0.006369   0.000000  -0.863475   0.662855
  0.000000   0.000000   0.000000   1.000000
 -0.016451  -0.779510   0.216581  -0.090224
 -0.009678   0.000000  -0.938323   0.397366
  0.020473  -0.626390  -0.269523   0.671019
  0.000000   0.000000   0.000000   1.000000
  0.005715   0.880301  -0.142379  -0.169540
 -0.003790   0.000000  -0.953903   0.453110
 -0.010605   0.474415   0.264191   0.672188
  0.000000   0.000000   0.000000   1.000000
 -0.006776   0.864088  -0.131361  -0.175101
  0.003640   0.000000  -0.965344   0.388455
 -0.011633  -0.503340  -0.225509   0.632468
  0.000000   0.000000   0.000000   1.000000
 -0.011575   0.716000  -0.327005  -0.140007
  0.008791   0.000000  -0.883505   0.950990
 -0.011872  -0.698100  -0.335390   0.596268
  0.000000   0.000000   0.000000   1.000000
  0.004927  -0.909112   0.138419  -0.213113
  0.004167   0.000000  -0.943175   0.860127
  0.010754   0.416552   0.302094   0.696655
  0.000000   0.000000   0.000000   1.000000
  0.000920   0.000000  -0.999084  -0.099209
  0.018677   0.494140   0.037210   0.850961
  0.010616  -0.869382   0.021149   0.708542
  0.000000   0.000000   0.000000   1.000000
  1.000000   0.000000   0.000000  -0.165861
  0.000000   1.000000   0.000000   0.623730
  0.000000   0.000000   1.000000   0.700489
  0.000000   0.000000   0.000000   1.000000
  1.000000   0.000000   0.000000  -0.181347
  0.000000   1.000000   0.000000   0.517033
  0.000000   0.000000   1.000000   0.614622
  0.000000   0.000000   0.000000   1.000000
  1.000000   0.000000   0.000000  -0.109401
  0.000000   1.000000   0.000000   0.520571
  0.000000   0.000000   1.000000   0.662855
  0.000000   0.000000   0.000000   1.000000
  1.000000   0.000000   0.000000  -0.090224
  0.000000   1.000000   0.000000   0.397366
  0.000000   0.000000   1.000000   0.671019
  0.000000   0.000000   0.000000   1.000000
  1.000000   0.000000   0.000000  -0.169540
  0.000000   1.000000   0.000000   0.453110
  0.000000   0.000000   1.000000   0.672188
  0.000000   0.000000   0.000000   1.000000
  1.000000   0.000000   0.000000  -0.175101
  0.000000   1.000000   0.000000   0.388455
  0.000000   0.000000   1.000000   0.632468
  0.000000   0.000000   0.000000   1.000000
  1.000000   0.000000   0.000000  -0.140007
  0.000000   1.000000   0.000000   0.950990
  0.000000   0.000000   1.000000   0.596268
  0.000000   0.000000   0.000000   1.000000
  1.000000   0.000000   0.000000  -0.213113
  0.000000   1.000000   0.000000   0.860127
  0.000000   0.000000   1.000000   0.696655
  0.000000   0.000000   0.000000   1.000000
  1.000000   0.000000   0.000000  -0.099209
  0.000000   1.000000   0.000000   0.850961
  0.000000   0.000000   1.000000   0.708542
  0.000000   0.000000   0.000000   1.000000
    0.0200 /Time
  1.000000   0.000000   0.000000   0.000000
  0.000000   1.000000   0.000000   0.000000
  0.000000   0.000000   1.000000   0.000000
  0.000000   0.000000   0.000000   1.000000
  0.010571  -0.041855  -0.999068  -0.137635
 -0.204356   0.977946  -0.043133   0.509198
  0.978840   0.204621   0.001784   0.638314
  0.000000   0.000000   0.000000   1.000000
  0.035967  -0.563718  -0.825183  -0.137635
 -0.808807   0.468568  -0.355352   0.509198
  0.586973   0.680195  -0.439087   0.638314
  0.000000   0.000000   0.000000   1.000000
 -0.043169   0.000101  -0.999068  -0.152945
  0.998115  -0.043667  -0.043133   0.866930
 -0.043630  -0.999046   0.001784   0.713164
  0.000000   0.000000   0.000000   1.000000
  0.007591   0.714399  -0.173679  -0.165670
 -0.002780   0.000000  -0.968707   0.623774
 -0.007750   0.699738   0.177318   0.700375
  0.000000   0.000000   0.000000   1.000000
  0.005193   0.000000  -0.951636  -0.181185
 -0.014972   0.365304  -0.285994   0.516978
  0.005875   0.930888   0.112231   0.614494
  0.000000   0.000000   0.000000   1.000000
  0.009932  -0.397881  -0.470268  -0.109205
 -0.004307  -0.917437   0.203949   0.520600
 -0.006463   0.000000  -0.858634   0.662700
  0.000000   0.000000   0.000000   1.000000
 -0.016306  -0.782897   0.208825  -0.090563
 -0.009339   0.000000  -0.941987   0.397304
  0.020519  -0.622151  -0.262779   0.671527
  0.000000   0.000000   0.000000   1.000000
  0.005659   0.876785  -0.143771  -0.169549
 -0.003687   0.000000  -0.954262   0.453276
 -0.010317   0.480882   0.262135   0.672197
  0.000000   0.000000   0.000000   1.000000
 -0.006937   0.849618  -0.137992  -0.175390
  0.003566   0.000000  -0.965164   0.388558
 -0.011175  -0.527399  -0.222299   0.632822
  0.000000   0.000000   0.000000   1.000000
 -0.011283   0.725735  -0.324439  -0.139895
  0.008770   0.000000  -0.881820   0.950988
 -0.011902  -0.687975  -0.342246   0.596190
  0.000000   0.000000   0.000000   1.000000
  0.005076  -0.902753   0.143134  -0.212970
  0.004164   0.000000  -0.943016   0.860132
  0.010653   0.430158   0.300389   0.696615
  0.000000   0.000000   0.000000   1.000000
  0.001076   0.000000  -0.998736  -0.099073
  0.018585   0.494010   0.043696   0.850980
  0.010559  -0.869456   0.024828   0.708501
  0.000000   0.000000   0.000000   1.000000
  1.000000   0.000000   0.000000  -0.165670
  0.000000   1.000000   0.000000   0.623774
  0.000000   0.000000   1.000000   0.700375
  0.000000   0.000000   0.000000   1.000000
  1.000000   0.000000   0.000000  -0.181185
  0.000000   1.000000   0.000000   0.516978
  0.000000   0.000000   1.000000   0.614494
  0.000000   0.000000   0.000000   1.000000
  1.000000   0.000000   0.000000  -0.109205
  0.000000   1.000000   0.000000   0.520600
  0.000000   0.000000   1.000000   0.662700
  0.000000   0.000000   0.000000   1.000000
  1.000000   0.000000   0.000000  -0.090563
  0.000000   1.000000   0.000000   0.397304
  0.000000   0.000000   1.000000   0.671527
  0.000000   0.000000   0.000000   1.000000
  1.000000   0.000000   0.000000  -0.169549
  0.000000   1.000000   0.000000   0.453276
  0.000000   0.000000   1.000000   0.672197
  0.000000   0.000000   0.000000   1.000000
  1.000000   0.000000   0.000000  -0.175390
  0.000000   1.000000   0.000000   0.388558
  0.000000   0.000000   1.000000   0.632822
  0.000000   0.000000   0.000000   1.000000
  1.000000   0.000000   0.000000  -0.139895
  0.000000   1.000000   0.000000   0.950988
  0.000000   0.000000   1.000000   0.596190
  0.000000   0.000000   0.000000   1.000000
  1.000000   0.000000   0.000000  -0.212970
  0.000000   1.000000   0.000000   0.860132
  0.000000   0.000000   1.000000   0.696615
  0.000000   0.000000   0.000000   1.000000
  1.000000   0.000000   0.000000  -0.099073
  0.000000   1.000000   0.000000   0.850980
  0.000000   0.000000   1.000000   0.708501
  0.000000   0.000000   0.000000   1.000000
    0.0300 /Time
  1.000000   0.000000   0.000000   0.000000
  0.000000   1.000000   0.000000   0.000000
  0.000000   0.000000   1.000000   0.000000
  0.000000   0.000000   0.000000   1.000000
  0.010361  -0.041523  -0.999084  -0.137588
 -0.204626   0.977906  -0.042765   0.509197
  0.978785   0.204882   0.001635   0.638159
  0.000000   0.000000   0.000000   1.000000
  0.035476  -0.560872  -0.827142  -0.137588
 -0.806206   0.473040  -0.355339   0.509197
  0.590571   0.679452  -0.435397   0.638159
  0.000000   0.000000   0.000000   1.000000
 -0.042796   0.000230  -0.999084  -0.152777
  0.998134  -0.043583  -0.042765   0.866914
 -0.043553  -0.999050   0.001635   0.713105
  0.000000   0.000000   0.000000   1.000000
  0.007461   0.720872  -0.176724  -0.165460
 -0.002839   0.000000  -0.966944   0.623825
 -0.007761   0.693069   0.183814   0.700259
  0.000000   0.000000   0.000000   1.000000
  0.005064   0.000000  -0.953429  -0.181010
 -0.014902   0.365217  -0.280783   0.516926
  0.005846   0.930922   0.110156   0.614362
  0.000000   0.000000   0.000000   1.000000
  0.009761  -0.408259  -0.471487  -0.108987
 -0.004365  -0.912866   0.210862   0.520637
 -0.006449   0.000000  -0.856293   0.662540
  0.000000   0.000000   0.000000   1.000000
 -0.016048  -0.784479   0.205795  -0.090935
 -0.009103   0.000000  -0.943334   0.397239
  0.020300  -0.620156  -0.260325   0.672069
  0.000000   0.000000   0.000000   1.000000
  0.005627   0.874682  -0.147413  -0.169556
 -0.003706   0.000000  -0.952629   0.453467
 -0.010154   0.484698   0.266021   0.672217
  0.000000   0.000000   0.000000   1.000000
 -0.006889   0.849123  -0.135797  -0.175716
  0.003470   0.000000  -0.966386   0.388687
 -0.011075  -0.528195  -0.218306   0.633215
  0.000000   0.000000   0.000000   1.000000
 -0.011173   0.728363  -0.324371  -0.139783
  0.008764   0.000000  -0.880847   0.950989
 -0.011878  -0.685191  -0.344808   0.596115
  0.000000   0.000000   0.000000   1.000000
  0.005097  -0.901589   0.143942  -0.212823
  0.004158   0.000000  -0.943018   0.860143
  0.010624   0.432593   0.299997   0.696577
  0.000000   0.000000   0.000000   1.000000
  0.001100   0.000000  -0.998671  -0.098929
  0.018524   0.494783   0.044791   0.851004
  0.010547  -0.869016   0.025502   0.708463
  0.000000   0.000000   0.000000   1.000000
  1.000000   0.000000   0.000000  -0.165460
  0.000000   1.000000   0.000000   0.623825
  0.000000   0.000000   1.000000   0.700259
  0.000000   0.000000   0.000000   1.000000
  1.000000   0.000000   0.000000  -0.181010
  0.000000   1.000000   0.000000   0.516926
  0.000000   0.000000   1.000000   0.614362
  0.000000   0.000000   0.000000   1.000000
  1.000000   0.000000   0.000000  -0.108987
  0.000000   1.000000   0.000000   0.520637
  0.000000   0.000000   1.000000   0.662540
  0.000000   0.000000   0.000000   1.000000
  1.000000   0.000000   0.000000  -0.090935
  0.000000   1.000000   0.000000   0.397239
  0.000000   0.000000   1.000000   0.672069
  0.000000   0.000000   0.000000   1.000000
  1.000000   0.000000   0.000000  -0.169556
  0.000000   1.000000   0.000000   0.453467
  0.000000   0.000000   1.000000   0.672217
  0.000000   0.000000   0.000000   1.000000
  1.000000   0.000000   0.000000  -0.175716
  0.000000   1.000000   0.000000   0.388687
  0.000000   0.000000   1.000000   0.633215
  0.000000   0.000000   0.000000   1.000000
  1.000000   0.000000   0.000000  -0.139783
  0.000000   1.000000   0.000000   0.950989
  0.000000   0.000000   1.000000   0.596115
  0.000000   0.000000   0.000000   1.000000
  1.000000   0.000000   0.000000  -0.212823
  0.000000   1.000000   0.000000   0.860143
  0.000000   0.000000   1.000000   0.696577
  0.000000   0.000000   0.000000   1.000000
  1.000000   0.000000   0.000000  -0.098929
  0.000000   1.000000   0.000000   0.851004
  0.000000   0.000000   1.000000   0.708463
  0.000000   0.000000   0.000000   1.000000
    0.0400 /Time
  1.000000   0.000000   0.000000   0.000000
  0.000000   1.000000   0.000000   0.000000
  0.000000   0.000000   1.000000   0.000000
  0.000000   0.000000   0.000000   1.000000
  0.009891  -0.041286  -0.999098  -0.137516
 -0.204864   0.977870  -0.042437   0.509204
  0.978741   0.205099   0.001214   0.638025
  0.000000   0.000000   0.000000   1.000000
  0.034858  -0.557201  -0.829646  -0.137516
 -0.803659   0.477837  -0.354687   0.509204
  0.594068   0.679116  -0.431143   0.638025
  0.000000   0.000000   0.000000   1.000000
 -0.042450   0.000638  -0.999098  -0.152619
  0.998148  -0.043593  -0.042437   0.866909
 -0.043581  -0.999049   0.001214   0.713050
  0.000000   0.000000   0.000000   1.000000
  0.007314   0.727797  -0.179849  -0.165226
 -0.002898   0.000000  -0.965000   0.623885
 -0.007762   0.685792   0.190864   0.700144
  0.000000   0.000000   0.000000   1.000000
  0.004949   0.000000  -0.955006  -0.180818
 -0.014832   0.365833  -0.276028   0.516880
  0.005830   0.930681   0.108501   0.614226
  0.000000   0.000000   0.000000   1.000000
  0.009576  -0.419091  -0.471366  -0.108735
 -0.004420  -0.907944   0.217574   0.520683
 -0.006407   0.000000  -0.854679   0.662379
  0.000000   0.000000   0.000000   1.000000
 -0.015762  -0.785814   0.203266  -0.091352
 -0.008869   0.000000  -0.944447   0.397161
  0.020028  -0.618463  -0.258268   0.672651
  0.000000   0.000000   0.000000   1.000000
  0.005596   0.872120  -0.151781  -0.169562
 -0.003732   0.000000  -0.950670   0.453690
 -0.009974   0.489292   0.270535   0.672254
  0.000000   0.000000   0.000000   1.000000
 -0.006847   0.848571  -0.133710  -0.176103
  0.003380   0.000000  -0.967539   0.388855
 -0.010982  -0.529081  -0.214452   0.633657
  0.000000   0.000000   0.000000   1.000000
 -0.011041   0.731958  -0.323803  -0.139672
  0.008753   0.000000  -0.879858   0.950993
 -0.011861  -0.681349  -0.347854   0.596043
  0.000000   0.000000   0.000000   1.000000
  0.005108  -0.900490   0.144948  -0.212673
  0.004152   0.000000  -0.942818   0.860161
  0.010577   0.434877   0.300140   0.696545
  0.000000   0.000000   0.000000   1.000000
  0.001108   0.000000  -0.998646  -0.098780
  0.018466   0.496116   0.045164   0.851038
  0.010551  -0.868256   0.025807   0.708426
  0.000000   0.000000   0.000000   1.000000
  1.000000   0.000000   0.000000  -0.165226
  0.000000   1.000000   0.000000   0.623885
  0.000000   0.000000   1.000000   0.700144
  0.000000   0.000000   0.000000   1.000000
  1.000000   0.000000   0.000000  -0.180818
  0.000000   1.000000   0.000000   0.516880
  0.000000   0.000000   1.000000   0.614226
  0.000000   0.000000   0.000000   1.000000
  1.000000   0.000000   0.000000  -0.108735
  0.000000   1.000000   0.000000   0.520683
  0.000000   0.000000   1.000000   0.662379
  0.000000   0.000000   0.000000   1.000000
  1.000000   0.000000   0.000000  -0.091352
  0.000000   1.000000   0.000000   0.397161
  0.000000   0.000000   1.000000   0.672651
  0.000000   0.000000   0.000000   1.000000
  1.000000   0.000000   0.000000  -0.169562
  0.000000   1.000000   0.000000   0.453690
  0.000000   0.000000   1.000000   0.672254
  0.000000   0.000000   0.000000   1.000000
  1.000000   0.000000   0.000000  -0.176103
  0.000000   1.000000   0.000000   0.388855
  0.000000   0.000000   1.000000   0.633657
  0.000000   0.000000   0.000000   1.000000
  1.000000   0.000000   0.000000  -0.139672
  0.000000   1.000000   0.000000   0.950993
  0.000000   0.000000   1.000000   0.596043
  0.000000   0.000000   0.000000   1.000000
  1.000000   0.000000   0.000000  -0.212673
  0.000000   1.000000   0.000000   0.860161
  0.000000   0.000000   1.000000   0.696545
  0.000000   0.000000   0.000000   1.000000
  1.000000   0.000000   0.000000  -0.098780
  0.000000   1.000000   0.000000   0.851038
  0.000000   0.000000   1.000000   0.708426
  0.000000   0.000000   0.000000   1.000000
    0.0500 /Time
  1.000000   0.000000   0.000000   0.000000
  0.000000   1.000000   0.000000   0.000000
  0.000000   0.000000   1.000000   0.000000
  0.000000   0.000000   0.000000   1.000000
  0.009336  -0.041083  -0.999112  -0.137428
 -0.205107   0.977833  -0.042125   0.509218
  0.978695   0.205319   0.000702   0.637892
  0.000000   0.000000   0.000000   1.000000
  0.034191  -0.552581  -0.832757  -0.137428
 -0.800973   0.483190  -0.353510   0.509218
  0.597723   0.679103  -0.426082   0.637892
  0.000000   0.000000   0.000000   1.000000
 -0.042115   0.001136  -0.999112  -0.152456
  0.998160  -0.043603  -0.042125   0.866909
 -0.043612  -0.999048   0.000702   0.712998
  0.000000   0.000000   0.000000   1.000000
  0.007148   0.735700  -0.183103  -0.164965
 -0.002964   0.000000  -0.962765   0.623958
 -0.007765   0.677307   0.198889   0.700032
  0.000000   0.000000   0.000000   1.000000
  0.004835   0.000000  -0.956593  -0.180609
 -0.014766   0.366537  -0.271144   0.516844
  0.005817   0.930404   0.106819   0.614085
  0.000000   0.000000   0.000000   1.000000
  0.009367  -0.430913  -0.471652  -0.108445
 -0.004473  -0.902394   0.225224   0.520733
 -0.006364   0.000000  -0.852536   0.662225
  0.000000   0.000000   0.000000   1.000000
 -0.015451  -0.787164   0.200429  -0.091818
 -0.008609   0.000000  -0.945721   0.397057
  0.019720  -0.616744  -0.255812   0.673274
  0.000000   0.000000   0.000000   1.000000
  0.005563   0.869139  -0.156864  -0.169569
 -0.003762   0.000000  -0.948367   0.453953
 -0.009776   0.494568   0.275669   0.672311
  0.000000   0.000000   0.000000   1.000000
 -0.006803   0.847742  -0.131532  -0.176572
  0.003283   0.000000  -0.968765   0.389072
 -0.010873  -0.530408  -0.210225   0.634155
  0.000000   0.000000   0.000000   1.000000
 -0.010893   0.736081  -0.323131  -0.139563
  0.008743   0.000000  -0.878701   0.951001
 -0.011845  -0.676894  -0.351385   0.595975
  0.000000   0.000000   0.000000   1.000000
  0.005120  -0.899215   0.146126  -0.212520
  0.004147   0.000000  -0.942575   0.860184
  0.010523   0.437508   0.300334   0.696519
  0.000000   0.000000   0.000000   1.000000
  0.001114   0.000000  -0.998624  -0.098626
  0.018401   0.497846   0.045477   0.851087
  0.010563  -0.867266   0.026106   0.708391
  0.000000   0.000000   0.000000   1.000000
  1.000000   0.000000   0.000000  -0.164965
  0.000000   1.000000   0.000000   0.623958
  0.000000   0.000000   1.000000   0.700032
  0.000000   0.000000   0.000000   1.000000
  1.000000   0.000000   0.000000  -0.180609
  0.000000   1.000000   0.000000   0.516844
  0.000000   0.000000   1.000000   0.614085
  0.000000   0.000000   0.000000   1.000000
  1.000000   0.000000   0.000000  -0.108445
  0.000000   1.000000   0.000000   0.520733
  0.000000   0.000000   1.000000   0.662225
  0.000000   0.000000   0.000000   1.000000
  1.000000   0.000000   0.000000  -0.091818
  0.000000   1.000000   0.000000   0.397057
  0.000000   0.000000   1.000000   0.673274
  0.000000   0.000000   0.000000   1.000000
  1.000000   0.000000   0.000000  -0.169569
  0.000000   1.000000   0.000000   0.453953
  0.000000   0.000000   1.000000   0.672311
  0.000000   0.000000   0.000000   1.000000
  1.000000   0.000000   0.000000  -0.176572
  0.000000   1.000000   0.000000   0.389072
  0.000000   0.000000   1.000000   0.634155
  0.000000   0.000000   0.000000   1.000000
  1.000000   0.000000   0.000000  -0.139563
  0.000000   1.000000   0.000000   0.951001
  0.000000   0.000000   1.000000   0.595975
  0.000000   0.000000   0.000000   1.000000
  1.000000   0.000000   0.000000  -0.212520
  0.000000   1.000000   0.000000   0.860184
  0.000000   0.000000   1.000000   0.696519
  0.000000   0.000000   0.000000   1.000000
  1.000000   0.000000   0.000000  -0.098626
  0.000000   1.000000   0.000000   0.851087
  0.000000   0.000000   1.000000   0.708391
  0.000000   0.000000   0.000000   1.000000
    0.0600 /Time
  1.000000   0.000000   0.000000   0.000000
  0.000000   1.000000   0.000000   0.000000
  0.000000   0.000000   1.000000   0.000000
  0.000000   0.000000   0.000000   1.000000
  0.008645  -0.040926  -0.999125  -0.137322
 -0.205345   0.977795  -0.041829   0.509240
  0.978651   0.205527   0.000049   0.637770
  0.000000   0.000000   0.000000   1.000000
  0.033448  -0.546836  -0.836571  -0.137322
 -0.798240   0.489070  -0.351603   0.509240
  0.601411   0.679545  -0.420148   0.637770
  0.000000   0.000000   0.000000   1.000000
 -0.041791   0.001778  -0.999125  -0.152292
  0.998172  -0.043628  -0.041829   0.866918
 -0.043664  -0.999046   0.000049   0.712952
  0.000000   0.000000   0.000000   1.000000
  0.006964   0.744642  -0.186476  -0.164676
 -0.003036   0.000000  -0.960181   0.624045
 -0.007769   0.667464   0.208037   0.699928
  0.000000   0.000000   0.000000   1.000000
  0.004716   0.000000  -0.958316  -0.180374
 -0.014710   0.367496  -0.265719   0.516826
  0.005813   0.930025   0.104998   0.613941
  0.000000   0.000000   0.000000   1.000000
  0.009136  -0.443450  -0.472098  -0.108117
 -0.004520  -0.896299   0.233574   0.520787
 -0.006316   0.000000  -0.850039   0.662082
  0.000000   0.000000   0.000000   1.000000
 -0.015110  -0.788486   0.197383  -0.092343
 -0.008325   0.000000  -0.947106   0.396921
  0.019371  -0.615053  -0.253041   0.673931
  0.000000   0.000000   0.000000   1.000000
  0.005530   0.865652  -0.162742  -0.169583
 -0.003797   0.000000  -0.945692   0.454256
 -0.009562   0.500647   0.281392   0.672394
  0.000000   0.000000   0.000000   1.000000
 -0.006757   0.846639  -0.129432  -0.177136
  0.003184   0.000000  -0.969972   0.389344
 -0.010750  -0.532167  -0.205917   0.634707
  0.000000   0.000000   0.000000   1.000000
 -0.010724   0.740887  -0.322272  -0.139456
  0.008732   0.000000  -0.877358   0.951016
 -0.011830  -0.671629  -0.355505   0.595912
  0.000000   0.000000   0.000000   1.000000
  0.005131  -0.897798   0.147529  -0.212365
  0.004142   0.000000  -0.942224   0.860214
  0.010460   0.440407   0.300748   0.696501
  0.000000   0.000000   0.000000   1.000000
  0.001115   0.000000  -0.998615  -0.098466
  0.018329   0.500005   0.045557   0.851151
  0.010582  -0.866023   0.026303   0.708361
  0.000000   0.000000   0.000000   1.000000
  1.000000   0.000000   0.000000  -0.164676
  0.000000   1.000000   0.000000   0.624045
  0.000000   0.000000   1.000000   0.699928
  0.000000   0.000000   0.000000   1.000000
  1.000000   0.000000   0.000000  -0.180374
  0.000000   1.000000   0.000000   0.516826
  0.000000   0.000000   1.000000   0.613941
  0.000000   0.000000   0.000000   1.000000
  1.000000   0.000000   0.000000  -0.108117
  0.000000   1.000000   0.000000   0.520787
  0.000000   0.000000   1.000000   0.662082
  0.000000   0.000000   0.000000   1.000000
  1.000000   0.000000   0.000000  -0.092343
  0.000000   1.000000   0.000000   0.396921
  0.000000   0.000000   1.000000   0.673931
  0.000000   0.000000   0.000000   1.000000
  1.000000   0.000000   0.000000  -0.169583
  0.000000   1.000000   0.000000   0.454256
  0.000000   0.000000   1.000000   0.672394
  0.000000   0.000000   0.000000   1.000000
  1.000000   0.000000   0.000000  -0.177136
  0.000000   1.000000   0.000000   0.389344
  0.000000   0.000000   1.000000   0.634707
  0.000000   0.000000   0.000000   1.000000
  1.000000   0.000000   0.000000  -0.139456
  0.000000   1.000000   0.000000   0.951016
  0.000000   0.000000   1.000000   0.595912
  0.000000   0.000000   0.000000   1.000000
  1.000000   0.000000   0.000000  -0.212365
  0.000000   1.000000   0.000000   0.860214
  0.000000   0.000000   1.000000   0.696501
  0.000000   0.000000   0.000000   1.000000
  1.000000   0.000000   0.000000  -0.098466
  0.000000   1.000000   0.000000   0.851151
  0.000000   0.000000   1.000000   0.708361
  0.000000   0.000000   0.000000   1.000000
    0.0700 /Time
  1.000000   0.000000   0.000000   0.000000
  0.000000   1.000000   0.000000   0.000000
  0.000000   0.000000   1.000000   0.000000
  0.000000   0.000000   0.000000   1.000000
  0.007757  -0.040821  -0.999136  -0.137197
 -0.205561   0.977762  -0.041544   0.509272
  0.978614   0.205705  -0.000807   0.637666
  0.000000   0.000000   0.000000   1.000000
  0.032590  -0.539890  -0.841104  -0.137197
 -0.795542   0.495415  -0.348823   0.509272
  0.605022   0.680502  -0.413360   0.637666
  0.000000   0.000000   0.000000   1.000000
 -0.041469   0.002623  -0.999136  -0.152129
  0.998181  -0.043679  -0.041544   0.866937
 -0.043750  -0.999042  -0.000807   0.712913
  0.000000   0.000000   0.000000   1.000000
  0.006759   0.754536  -0.189856  -0.164360
 -0.003113   0.000000  -0.957238   0.624147
 -0.007771   0.656259   0.218288   0.699833
  0.000000   0.000000   0.000000   1.000000
  0.004578   0.000000  -0.960367  -0.180098
 -0.014664   0.368513  -0.259121   0.516826
  0.005813   0.929623   0.102719   0.613803
  0.000000   0.000000   0.000000   1.000000
  0.008894  -0.456257  -0.472246  -0.107763
 -0.004560  -0.889848   0.242137   0.520844
 -0.006258   0.000000  -0.847558   0.661954
  0.000000   0.000000   0.000000   1.000000
 -0.014737  -0.789842   0.194292  -0.092937
 -0.008026   0.000000  -0.948495   0.396751
  0.018979  -0.613310  -0.250216   0.674615
  0.000000   0.000000   0.000000   1.000000
  0.005503   0.861489  -0.169555  -0.169609
 -0.003839   0.000000  -0.942603   0.454603
 -0.009336   0.507776   0.287665   0.672508
  0.000000   0.000000   0.000000   1.000000
 -0.006711   0.845139  -0.127675  -0.177803
  0.003088   0.000000  -0.971057   0.389674
 -0.010610  -0.534547  -0.201859   0.635307
  0.000000   0.000000   0.000000   1.000000
 -0.010528   0.746601  -0.321110  -0.139351
  0.008722   0.000000  -0.875799   0.951039
 -0.011815  -0.665272  -0.360366   0.595856
  0.000000   0.000000   0.000000   1.000000
  0.005139  -0.896267   0.149235  -0.212205
  0.004141   0.000000  -0.941690   0.860250
  0.010386   0.443515   0.301578   0.696488
  0.000000   0.000000   0.000000   1.000000
  0.001103   0.000000  -0.998638  -0.098295
  0.018251   0.502624   0.045099   0.851233
  0.010611  -0.864505   0.026221   0.708340
  0.000000   0.000000   0.000000   1.000000
  1.000000   0.000000   0.000000  -0.164360
  0.000000   1.000000   0.000000   0.624147
  0.000000   0.000000   1.000000   0.699833
  0.000000   0.000000   0.000000   1.000000
  1.000000   0.000000   0.000000  -0.180098
  0.000000   1.000000   0.000000   0.516826
  0.000000   0.000000   1.000000   0.613803
  0.000000   0.000000   0.000000   1.000000
  1.000000   0.000000   0.000000  -0.107763
  0.000000   1.000000   0.000000   0.520844
  0.000000   0.000000   1.000000   0.661954
  0.000000   0.000000   0.000000   1.000000
  1.000000   0.000000   0.000000  -0.092937
  0.000000   1.000000   0.000000   0.396751
  0.000000   0.000000   1.000000   0.674615
  0.000000   0.000000   0.000000   1.000000
  1.000000   0.000000   0.000000  -0.169609
  0.000000   1.000000   0.000000   0.454603
  0.000000   0.000000   1.000000   0.672508
  0.000000   0.000000   0.000000   1.000000
  1.000000   0.000000   0.000000  -0.177803
  0.000000   1.000000   0.000000   0.389674
  0.000000   0.000000   1.000000   0.635307
  0.000000   0.000000   0.000000   1.000000
  1.000000   0.000000   0.000000  -0.139351
  0.000000   1.000000   0.000000   0.951039
  0.000000   0.000000   1.000000   0.595856
  0.000000   0.000000   0.000000   1.000000
  1.000000   0.000000   0.000000  -0.212205
  0.000000   1.000000   0.000000   0.860250
  0.000000   0.000000   1.000000   0.696488
  0.000000   0.000000   0.000000   1.000000
  1.000000   0.000000   0.000000  -0.098295
  0.000000   1.000000   0.000000   0.851233
  0.000000   0.000000   1.000000   0.708340
  0.000000   0.000000   0.000000   1.000000
    0.0800 /Time
  1.000000   0.000000   0.000000   0.000000
  0.000000   1.000000   0.000000   0.000000
  0.000000   0.000000   1.000000   0.000000
  0.000000   0.000000   0.000000   1.000000
  0.006701  -0.040733  -0.999148  -0.137063
 -0.205741   0.977737  -0.041240   0.509311
  0.978584   0.205842  -0.001828   0.637585
  0.000000   0.000000   0.000000   1.000000
  0.031612  -0.531887  -0.846225  -0.137063
 -0.792883   0.502144  -0.345237   0.509311
  0.608554   0.681871  -0.405850   0.637585
  0.000000   0.000000   0.000000   1.000000
 -0.041120   0.003634  -0.999148  -0.151963
  0.998191  -0.043755  -0.041240   0.866968
 -0.043868  -0.999036  -0.001828   0.712882
  0.000000   0.000000   0.000000   1.000000
  0.006538   0.765149  -0.193016  -0.164027
 -0.003191   0.000000  -0.954008   0.624261
 -0.007769   0.643853   0.229378   0.699750
  0.000000   0.000000   0.000000   1.000000
  0.004419   0.000000  -0.962734  -0.179789
 -0.014618   0.369337  -0.251329   0.516834
  0.005810   0.929295   0.099888   0.613685
  0.000000   0.000000   0.000000   1.000000
  0.008647  -0.469287  -0.471893  -0.107399
 -0.004595  -0.883046   0.250783   0.520903
 -0.006191   0.000000  -0.845237   0.661846
  0.000000   0.000000   0.000000   1.000000
 -0.014336  -0.791272   0.191274  -0.093603
 -0.007722   0.000000  -0.949815   0.396559
  0.018552  -0.611464  -0.247520   0.675328
  0.000000   0.000000   0.000000   1.000000
  0.005482   0.856514  -0.177560  -0.169658
 -0.003892   0.000000  -0.938960   0.454994
 -0.009098   0.516124   0.294663   0.672653
  0.000000   0.000000   0.000000   1.000000
 -0.006664   0.843206  -0.126292  -0.178565
  0.002996   0.000000  -0.972014   0.390059
 -0.010452  -0.537591  -0.198087   0.635952
  0.000000   0.000000   0.000000   1.000000
 -0.010306   0.753221  -0.319607  -0.139247
  0.008710   0.000000  -0.874016   0.951071
 -0.011801  -0.657767  -0.365988   0.595807
  0.000000   0.000000   0.000000   1.000000
  0.005145  -0.894688   0.151217  -0.212039
  0.004144   0.000000  -0.940957   0.860293
  0.010305   0.446692   0.302875   0.696483
  0.000000   0.000000   0.000000   1.000000
  0.001076   0.000000  -0.998698  -0.098107
  0.018167   0.505575   0.044016   0.851331
  0.010646  -0.862783   0.025793   0.708331
  0.000000   0.000000   0.000000   1.000000
  1.000000   0.000000   0.000000  -0.164027
  0.000000   1.000000   0.000000   0.624261
  0.000000   0.000000   1.000000   0.699750
  0.000000   0.000000   0.000000   1.000000
  1.000000   0.000000   0.000000  -0.179789
  0.000000   1.000000   0.000000   0.516834
  0.000000   0.000000   1.000000   0.613685
  0.000000   0.000000   0.000000   1.000000
  1.000000   0.000000   0.000000  -0.107399
  0.000000   1.000000   0.000000   0.520903
  0.000000   0.000000   1.000000   0.661846
  0.000000   0.000000   0.000000   1.000000
  1.000000   0.000000   0.000000  -0.093603
  0.000000   1.000000   0.000000   0.396559
  0.000000   0.000000   1.000000   0.675328
  0.000000   0.000000   0.000000   1.000000
  1.000000   0.000000   0.000000  -0.169658
  0.000000   1.000000   0.000000   0.454994
  0.000000   0.000000   1.000000   0.672653
  0.000000   0.000000   0.000000   1.000000
  1.000000   0.000000   0.000000  -0.178565
  0.000000   1.000000   0.000000   0.390059
  0.000000   0.000000   1.000000   0.635952
  0.000000   0.000000   0.000000   1.000000
  1.000000   0.000000   0.000000  -0.139247
  0.000000   1.000000   0.000000   0.951071
  0.000000   0.000000   1.000000   0.595807
  0.000000   0.000000   0.000000   1.000000
  1.000000   0.000000   0.000000  -0.212039
  0.000000   1.000000   0.000000   0.860293
  0.000000   0.000000   1.000000   0.696483
  0.000000   0.000000   0.000000   1.000000
  1.000000   0.000000   0.000000  -0.098107
  0.000000   1.000000   0.000000   0.851331
  0.000000   0.000000   1.000000   0.708331
  0.000000   0.000000   0.000000   1.000000
    0.0900 /Time
  1.000000   0.000000   0.000000   0.000000
  0.000000   1.000000   0.000000   0.000000
  0.000000   0.000000   1.000000   0.000000
  0.000000   0.000000   0.000000   1.000000
  0.005551  -0.040605  -0.999160  -0.136936
 -0.205892   0.977721  -0.040877   0.509358
  0.978559   0.205946  -0.002933   0.637527
  0.000000   0.000000   0.000000   1.000000
  0.030532  -0.523070  -0.851743  -0.136936
 -0.790211   0.509184  -0.341025   0.509358
  0.612074   0.683469  -0.397789   0.637527
  0.000000   0.000000   0.000000   1.000000
 -0.040709   0.004726  -0.999160  -0.151789
  0.998202  -0.043845  -0.040877   0.867008
 -0.044001  -0.999027  -0.002933   0.712862
  0.000000   0.000000   0.000000   1.000000
  0.006306   0.776275  -0.195719  -0.163686
 -0.003267   0.000000  -0.950583   0.624383
 -0.007765   0.630394   0.241010   0.699681
  0.000000   0.000000   0.000000   1.000000
  0.004239   0.000000  -0.965324  -0.179465
 -0.014565   0.369922  -0.242536   0.516844
  0.005799   0.929063   0.096570   0.613594
  0.000000   0.000000   0.000000   1.000000
  0.008399  -0.482779  -0.471042  -0.107041
 -0.004630  -0.875742   0.259676   0.520968
 -0.006119   0.000000  -0.843023   0.661759
  0.000000   0.000000   0.000000   1.000000
 -0.013919  -0.792750   0.188337  -0.094333
 -0.007419   0.000000  -0.951069   0.396363
  0.018103  -0.609547  -0.244943   0.676070
  0.000000   0.000000   0.000000   1.000000
  0.005472   0.850529  -0.186785  -0.169741
 -0.003953   0.000000  -0.934808   0.455422
 -0.008850   0.525928   0.302068   0.672828
  0.000000   0.000000   0.000000   1.000000
 -0.006617   0.840920  -0.125136  -0.179409
  0.002906   0.000000  -0.972898   0.390491
 -0.010282  -0.541159  -0.194451   0.636642
  0.000000   0.000000   0.000000   1.000000
 -0.010063   0.760518  -0.317801  -0.139139
  0.008699   0.000000  -0.872037   0.951111
 -0.011787  -0.649317  -0.372227   0.595767
  0.000000   0.000000   0.000000   1.000000
  0.005149  -0.893086   0.153375  -0.211863
  0.004150   0.000000  -0.940093   0.860346
  0.010221   0.449886   0.304470   0.696486
  0.000000   0.000000   0.000000   1.000000
  0.001035   0.000000  -0.998788  -0.097898
  0.018079   0.508611   0.042374   0.851441
  0.010679  -0.860996   0.025031   0.708338
  0.000000   0.000000   0.000000   1.000000
  1.000000   0.000000   0.000000  -0.163686
  0.000000   1.000000   0.000000   0.624383
  0.000000   0.000000   1.000000   0.699681
  0.000000   0.000000   0.000000   1.000000
  1.000000   0.000000   0.000000  -0.179465
  0.000000   1.000000   0.000000   0.516844
  0.000000   0.000000   1.000000   0.613594
  0.000000   0.000000   0.000000   1.000000
  1.000000   0.000000   0.000000  -0.107041
  0.000000   1.000000   0.000000   0.520968
  0.000000   0.000000   1.000000   0.661759
  0.000000   0.000000   0.000000   1.000000
  1.000000   0.000000   0.000000  -0.094333
  0.000000   1.000000   0.000000   0.396363
  0.000000   0.000000   1.000000   0.676070
  0.000000   0.000000   0.000000   1.000000
  1.000000   0.000000   0.000000  -0.169741
  0.000000   1.000000   0.000000   0.455422
  0.000000   0.000000   1.000000   0.672828
  0.000000   0.000000   0.000000   1.000000
  1.000000   0.000000   0.000000  -0.179409
  0.000000   1.000000   0.000000   0.390491
  0.000000   0.000000   1.000000   0.636642
  0.000000   0.000000   0.000000   1.000000
  1.000000   0.000000   0.000000  -0.139139
  0.000000   1.000000   0.000000   0.951111
  0.000000   0.000000   1.000000   0.595767
