22  22
Ground 0
Shank 1
Foot 2
Thigh 3
Aux_MarkerSet_G10_RS 4
Aux_MarkerSet_G10_LM 5
Aux_MarkerSet_G10_MM 6
Aux_MarkerSet_G10_F1 7
Aux_MarkerSet_G10_F2 8
Aux_MarkerSet_G10_F3 9
Aux_MarkerSet_G10_RT 10
Aux_MarkerSet_G10_LFE 11
Aux_MarkerSet_G10_MFE 12
MeasuredMarker_MarkerSet_G10_RS 13
MeasuredMarker_MarkerSet_G10_LM 14
MeasuredMarker_MarkerSet_G10_MM 15
MeasuredMarker_MarkerSet_G10_F1 16
MeasuredMarker_MarkerSet_G10_F2 17
MeasuredMarker_MarkerSet_G10_F3 18
MeasuredMarker_MarkerSet_G10_RT 19
MeasuredMarker_MarkerSet_G10_LFE 20
MeasuredMarker_MarkerSet_G10_MFE 21
    0.0000 /Time
  1.000000   0.000000   0.000000   0.000000
  0.000000   1.000000   0.000000   0.000000
  0.000000   0.000000   1.000000   0.000000
  0.000000   0.000000   0.000000   1.000000
 -0.194651  -0.015361  -0.980752  -0.076704
 -0.085552   0.996333   0.001374   0.072831
  0.977134   0.084173  -0.195252   0.354584
  0.000000   0.000000   0.000000   1.000000
 -0.194595  -0.029891  -0.980428  -0.076704
 -0.089113   0.995941  -0.012677   0.072831
  0.976827   0.084902  -0.196469   0.354584
  0.000000   0.000000   0.000000   1.000000
 -0.194959   0.010777  -0.980752  -0.082323
  0.048299   0.998832   0.001374   0.437290
  0.979622  -0.047101  -0.195252   0.385375
  0.000000   0.000000   0.000000   1.000000
 -0.001197   0.817823  -0.051885  -0.098627
  0.000188   0.000000  -0.995927   0.190944
 -0.001702  -0.575470  -0.073735   0.392842
  0.000000   0.000000   0.000000   1.000000
  0.000651   0.000000  -0.719049  -0.111860
  0.000657  -0.220145   0.677910   0.064572
 -0.000148  -0.975467  -0.152992   0.330307
  0.000000   0.000000   0.000000   1.000000
 -0.000578  -0.554453  -0.527903  -0.041619
 -0.000385   0.832215  -0.351709   0.080718
  0.000570   0.000000  -0.773058   0.378432
  0.000000   0.000000   0.000000   1.000000
  0.000143  -0.995371   0.004829  -0.095372
  0.000075   0.000000  -0.998737   0.023736
  0.001484   0.096102   0.050016   0.478739
  0.000000   0.000000   0.000000   1.000000
  0.001592  -0.294999   0.366987  -0.122137
 -0.000492  -0.955497  -0.113303   0.070354
  0.000693   0.000000  -0.923300   0.407436
  0.000000   0.000000   0.000000   1.000000
 -0.000459   0.941432  -0.021807  -0.175350
  0.000088   0.000000  -0.997907   0.023399
 -0.001280  -0.337202  -0.060884   0.416896
  0.000000   0.000000   0.000000   1.000000
  0.001171   0.000000  -0.913589  -0.095411
  0.002015   0.642962   0.311444   0.564563
  0.001692  -0.765898   0.261453   0.475179
  0.000000   0.000000   0.000000   1.000000
 -0.001093   0.000000  -0.762764  -0.135106
 -0.001097  -0.526101   0.549949   0.444455
 -0.000679   0.850422   0.340218   0.375032
  0.000000   0.000000   0.000000   1.000000
 -0.000231   0.000000  -0.982686  -0.028215
 -0.001051  -0.514120   0.158915   0.432272
 -0.000630   0.857718   0.095254   0.397026
  0.000000   0.000000   0.000000   1.000000
  1.000000   0.000000   0.000000  -0.098627
  0.000000   1.000000   0.000000   0.190944
  0.000000   0.000000   1.000000   0.392842
  0.000000   0.000000   0.000000   1.000000
  1.000000   0.000000   0.000000  -0.111860
  0.000000   1.000000   0.000000   0.064572
  0.000000   0.000000   1.000000   0.330307
  0.000000   0.000000   0.000000   1.000000
  1.000000   0.000000   0.000000  -0.041619
  0.000000   1.000000   0.000000   0.080718
  0.000000   0.000000   1.000000   0.378432
  0.000000   0.000000   0.000000   1.000000
  1.000000   0.000000   0.000000  -0.095372
  0.000000   1.000000   0.000000   0.023736
  0.000000   0.000000   1.000000   0.478739
  0.000000   0.000000   0.000000   1.000000
  1.000000   0.000000   0.000000  -0.122137
  0.000000   1.000000   0.000000   0.070354
  0.000000   0.000000   1.000000   0.407436
  0.000000   0.000000   0.000000   1.000000
  1.000000   0.000000   0.000000  -0.175350
  0.000000   1.000000   0.000000   0.023399
  0.000000   0.000000   1.000000   0.416896
  0.000000   0.000000   0.000000   1.000000
  1.000000   0.000000   0.000000  -0.095411
  0.000000   1.000000   0.000000   0.564563
  0.000000   0.000000   1.000000   0.475179
  0.000000   0.000000   0.000000   1.000000
  1.000000   0.000000   0.000000  -0.135106
  0.000000   1.000000   0.000000   0.444455
  0.000000   0.000000   1.000000   0.375032
  0.000000   0.000000   0.000000   1.000000
  1.000000   0.000000   0.000000  -0.028215
  0.000000   1.000000   0.000000   0.432272
  0.000000   0.000000   1.000000   0.397026
  0.000000   0.000000   0.000000   1.000000
    0.0100 /Time
  1.000000   0.000000   0.000000   0.000000
  0.000000   1.000000   0.000000   0.000000
  0.000000   0.000000   1.000000   0.000000
  0.000000   0.000000   0.000000   1.000000
 -0.194690  -0.015370  -0.980744  -0.076702
 -0.085542   0.996334   0.001367   0.072831
  0.977128   0.084161  -0.195291   0.354588
  0.000000   0.000000   0.000000   1.000000
 -0.194634  -0.029936  -0.980419  -0.076702
 -0.089128   0.995939  -0.012716   0.072831
  0.976818   0.084908  -0.196511   0.354588
  0.000000   0.000000   0.000000   1.000000
 -0.194999   0.010761  -0.980744  -0.082324
  0.048244   0.998835   0.001367   0.437290
  0.979616  -0.047049  -0.195291   0.385374
  0.000000   0.000000   0.000000   1.000000
 -0.001117   0.829925  -0.053646  -0.098708
  0.000193   0.000000  -0.995366   0.190940
 -0.001661  -0.557875  -0.079806   0.392804
  0.000000   0.000000   0.000000   1.000000
  0.000618   0.000000  -0.737899  -0.111825
  0.000661  -0.206884   0.660310   0.064568
 -0.000140  -0.978365  -0.139628   0.330301
  0.000000   0.000000   0.000000   1.000000
 -0.000630  -0.528317  -0.416849  -0.041566
 -0.000392   0.849047  -0.259383   0.080726
  0.000418   0.000000  -0.871182   0.378588
  0.000000   0.000000   0.000000   1.000000
  0.000104  -0.997537   0.003051  -0.095335
  0.000065   0.000000  -0.999053   0.023745
  0.001482   0.070141   0.043396   0.478743
  0.000000   0.000000   0.000000   1.000000
  0.001592  -0.279536   0.351995  -0.122136
 -0.000463  -0.960135  -0.102481   0.070324
  0.000653   0.000000  -0.930375   0.407478
  0.000000   0.000000   0.000000   1.000000
 -0.000427   0.946061  -0.029606  -0.175381
  0.000121   0.000000  -0.995816   0.023362
 -0.001247  -0.323987  -0.086452   0.416862
  0.000000   0.000000   0.000000   1.000000
  0.001191   0.000000  -0.909188  -0.095438
  0.002036   0.622368   0.325916   0.564538
  0.001619  -0.782725   0.259145   0.475258
  0.000000   0.000000   0.000000   1.000000
 -0.001061   0.000000  -0.768143  -0.135140
 -0.001089  -0.518380   0.547534   0.444447
 -0.000660   0.855151   0.331907   0.375011
  0.000000   0.000000   0.000000   1.000000
 -0.000202   0.000000  -0.986666  -0.028247
 -0.001047  -0.515156   0.139499   0.432269
 -0.000629   0.857096   0.083846   0.397027
  0.000000   0.000000   0.000000   1.000000
  1.000000   0.000000   0.000000  -0.098708
  0.000000   1.000000   0.000000   0.190940
  0.000000   0.000000   1.000000   0.392804
  0.000000   0.000000   0.000000   1.000000
  1.000000   0.000000   0.000000  -0.111825
  0.000000   1.000000   0.000000   0.064568
  0.000000   0.000000   1.000000   0.330301
  0.000000   0.000000   0.000000   1.000000
  1.000000   0.000000   0.000000  -0.041566
  0.000000   1.000000   0.000000   0.080726
  0.000000   0.000000   1.000000   0.378588
  0.000000   0.000000   0.000000   1.000000
  1.000000   0.000000   0.000000  -0.095335
  0.000000   1.000000   0.000000   0.023745
  0.000000   0.000000   1.000000   0.478743
  0.000000   0.000000   0.000000   1.000000
  1.000000   0.000000   0.000000  -0.122136
  0.000000   1.000000   0.000000   0.070324
  0.000000   0.000000   1.000000   0.407478
  0.000000   0.000000   0.000000   1.000000
  1.000000   0.000000   0.000000  -0.175381
  0.000000   1.000000   0.000000   0.023362
  0.000000   0.000000   1.000000   0.416862
  0.000000   0.000000   0.000000   1.000000
  1.000000   0.000000   0.000000  -0.095438
  0.000000   1.000000   0.000000   0.564538
  0.000000   0.000000   1.000000   0.475258
  0.000000   0.000000   0.000000   1.000000
  1.000000   0.000000   0.000000  -0.135140
  0.000000   1.000000   0.000000   0.444447
  0.000000   0.000000   1.000000   0.375011
  0.000000   0.000000   0.000000   1.000000
  1.000000   0.000000   0.000000  -0.028247
  0.000000   1.000000   0.000000   0.432269
  0.000000   0.000000   1.000000   0.397027
  0.000000   0.000000   0.000000   1.000000
    0.0200 /Time
  1.000000   0.000000   0.000000   0.000000
  0.000000   1.000000   0.000000   0.000000
  0.000000   0.000000   1.000000   0.000000
  0.000000   0.000000   0.000000   1.000000
 -0.194800  -0.015395  -0.980722  -0.076697
 -0.085514   0.996336   0.001345   0.072832
  0.977108   0.084127  -0.195403   0.354599
  0.000000   0.000000   0.000000   1.000000
 -0.194742  -0.030061  -0.980394  -0.076697
 -0.089169   0.995934  -0.012825   0.072832
  0.976793   0.084923  -0.196631   0.354599
  0.000000   0.000000   0.000000   1.000000
 -0.195113   0.010714  -0.980722  -0.082328
  0.048089   0.998842   0.001345   0.437292
  0.979601  -0.046899  -0.195403   0.385373
  0.000000   0.000000   0.000000   1.000000
 -0.001038   0.842178  -0.055114  -0.098787
  0.000198   0.000000  -0.994762   0.190937
 -0.001621  -0.539200  -0.086082   0.392768
  0.000000   0.000000   0.000000   1.000000
  0.000593   0.000000  -0.752280  -0.111791
  0.000665  -0.187559   0.647151   0.064564
 -0.000127  -0.982253  -0.123572   0.330296
  0.000000   0.000000   0.000000   1.000000
 -0.000688  -0.504774  -0.273475  -0.041505
 -0.000402   0.863252  -0.159911   0.080739
  0.000266   0.000000  -0.948494   0.378755
  0.000000   0.000000   0.000000   1.000000
  0.000058  -0.999249   0.001262  -0.095293
  0.000049   0.000000  -0.999470   0.023758
  0.001489   0.038742   0.032542   0.478744
  0.000000   0.000000   0.000000   1.000000
  0.001589  -0.266550   0.337383  -0.122135
 -0.000440  -0.963821  -0.093305   0.070295
  0.000616   0.000000  -0.936732   0.407521
  0.000000   0.000000   0.000000   1.000000
 -0.000392   0.951672  -0.035015  -0.175412
  0.000147   0.000000  -0.993479   0.023324
 -0.001215  -0.307118  -0.108502   0.416829
  0.000000   0.000000   0.000000   1.000000
  0.001201   0.000000  -0.906077  -0.095469
  0.002051   0.603457   0.337389   0.564511
  0.001552  -0.797396   0.255331   0.475342
  0.000000   0.000000   0.000000   1.000000
 -0.001028   0.000000  -0.774656  -0.135176
 -0.001080  -0.515199   0.541996   0.444439
 -0.000649   0.857071   0.325803   0.374993
  0.000000   0.000000   0.000000   1.000000
 -0.000174   0.000000  -0.989881  -0.028279
 -0.001041  -0.515911   0.121556   0.432266
 -0.000627   0.856642   0.073207   0.397029
  0.000000   0.000000   0.000000   1.000000
  1.000000   0.000000   0.000000  -0.098787
  0.000000   1.000000   0.000000   0.190937
  0.000000   0.000000   1.000000   0.392768
  0.000000   0.000000   0.000000   1.000000
  1.000000   0.000000   0.000000  -0.111791
  0.000000   1.000000   0.000000   0.064564
  0.000000   0.000000   1.000000   0.330296
  0.000000   0.000000   0.000000   1.000000
  1.000000   0.000000   0.000000  -0.041505
  0.000000   1.000000   0.000000   0.080739
  0.000000   0.000000   1.000000   0.378755
  0.000000   0.000000   0.000000   1.000000
  1.000000   0.000000   0.000000  -0.095293
  0.000000   1.000000   0.000000   0.023758
  0.000000   0.000000   1.000000   0.478744
  0.000000   0.000000   0.000000   1.000000
  1.000000   0.000000   0.000000  -0.122135
  0.000000   1.000000   0.000000   0.070295
  0.000000   0.000000   1.000000   0.407521
  0.000000   0.000000   0.000000   1.000000
  1.000000   0.000000   0.000000  -0.175412
  0.000000   1.000000   0.000000   0.023324
  0.000000   0.000000   1.000000   0.416829
  0.000000   0.000000   0.000000   1.000000
  1.000000   0.000000   0.000000  -0.095469
  0.000000   1.000000   0.000000   0.564511
  0.000000   0.000000   1.000000   0.475342
  0.000000   0.000000   0.000000   1.000000
  1.000000   0.000000   0.000000  -0.135176
  0.000000   1.000000   0.000000   0.444439
  0.000000   0.000000   1.000000   0.374993
  0.000000   0.000000   0.000000   1.000000
  1.000000   0.000000   0.000000  -0.028279
  0.000000   1.000000   0.000000   0.432266
  0.000000   0.000000   1.000000   0.397029
  0.000000   0.000000   0.000000   1.000000
    0.0300 /Time
  1.000000   0.000000   0.000000   0.000000
  0.000000   1.000000   0.000000   0.000000
  0.000000   0.000000   1.000000   0.000000
  0.000000   0.000000   0.000000   1.000000
 -0.194952  -0.015432  -0.980691  -0.076689
 -0.085476   0.996339   0.001313   0.072834
  0.977081   0.084081  -0.195558   0.354615
  0.000000   0.000000   0.000000   1.000000
 -0.194893  -0.030240  -0.980358  -0.076689
 -0.089226   0.995927  -0.012982   0.072834
  0.976758   0.084944  -0.196797   0.354615
  0.000000   0.000000   0.000000   1.000000
 -0.195272   0.010647  -0.980691  -0.082335
  0.047865   0.998853   0.001313   0.437295
  0.979580  -0.046685  -0.195558   0.385372
  0.000000   0.000000   0.000000   1.000000
 -0.000960   0.854805  -0.055998  -0.098866
  0.000201   0.000000  -0.994161   0.190937
 -0.001581  -0.518950  -0.092239   0.392735
  0.000000   0.000000   0.000000   1.000000
  0.000575   0.000000  -0.762378  -0.111762
  0.000668  -0.164021   0.638368   0.064560
 -0.000111  -0.986457  -0.106143   0.330291
  0.000000   0.000000   0.000000   1.000000
 -0.000741  -0.486275  -0.131779  -0.041449
 -0.000413   0.873806  -0.073335   0.080752
  0.000129   0.000000  -0.988563   0.378913
  0.000000   0.000000   0.000000   1.000000
 -0.000000  -1.000000  -0.000002  -0.095241
  0.000023   0.000000  -0.999885   0.023779
  0.001509  -0.000162   0.015157   0.478736
  0.000000   0.000000   0.000000   1.000000
  0.001585  -0.255710   0.323204  -0.122132
 -0.000419  -0.966753  -0.085489   0.070268
  0.000582   0.000000  -0.942460   0.407564
  0.000000   0.000000   0.000000   1.000000
 -0.000354   0.958008  -0.038650  -0.175445
  0.000168   0.000000  -0.990874   0.023286
 -0.001183  -0.286742  -0.129129   0.416794
  0.000000   0.000000   0.000000   1.000000
  0.001209   0.000000  -0.903003  -0.095507
  0.002063   0.584033   0.348748   0.564482
  0.001484  -0.811730   0.250921   0.475434
  0.000000   0.000000   0.000000   1.000000
 -0.000991   0.000000  -0.783460  -0.135217
 -0.001071  -0.516044   0.532304   0.444431
 -0.000645   0.856562   0.320692   0.374981
  0.000000   0.000000   0.000000   1.000000
 -0.000145   0.000000  -0.992889  -0.028315
 -0.001035  -0.517470   0.101865   0.432264
 -0.000626   0.855701   0.061601   0.397033
  0.000000   0.000000   0.000000   1.000000
  1.000000   0.000000   0.000000  -0.098866
  0.000000   1.000000   0.000000   0.190937
  0.000000   0.000000   1.000000   0.392735
  0.000000   0.000000   0.000000   1.000000
  1.000000   0.000000   0.000000  -0.111762
  0.000000   1.000000   0.000000   0.064560
  0.000000   0.000000   1.000000   0.330291
  0.000000   0.000000   0.000000   1.000000
  1.000000   0.000000   0.000000  -0.041449
  0.000000   1.000000   0.000000   0.080752
  0.000000   0.000000   1.000000   0.378913
  0.000000   0.000000   0.000000   1.000000
  1.000000   0.000000   0.000000  -0.095241
  0.000000   1.000000   0.000000   0.023779
  0.000000   0.000000   1.000000   0.478736
  0.000000   0.000000   0.000000   1.000000
  1.000000   0.000000   0.000000  -0.122132
  0.000000   1.000000   0.000000   0.070268
  0.000000   0.000000   1.000000   0.407564
  0.000000   0.000000   0.000000   1.000000
  1.000000   0.000000   0.000000  -0.175445
  0.000000   1.000000   0.000000   0.023286
  0.000000   0.000000   1.000000   0.416794
  0.000000   0.000000   0.000000   1.000000
  1.000000   0.000000   0.000000  -0.095507
  0.000000   1.000000   0.000000   0.564482
  0.000000   0.000000   1.000000   0.475434
  0.000000   0.000000   0.000000   1.000000
  1.000000   0.000000   0.000000  -0.135217
  0.000000   1.000000   0.000000   0.444431
  0.000000   0.000000   1.000000   0.374981
  0.000000   0.000000   0.000000   1.000000
  1.000000   0.000000   0.000000  -0.028315
  0.000000   1.000000   0.000000   0.432264
  0.000000   0.000000   1.000000   0.397033
  0.000000   0.000000   0.000000   1.000000
    0.0400 /Time
  1.000000   0.000000   0.000000   0.000000
  0.000000   1.000000   0.000000   0.000000
  0.000000   0.000000   1.000000   0.000000
  0.000000   0.000000   0.000000   1.000000
 -0.195149  -0.015484  -0.980651  -0.076680
 -0.085429   0.996343   0.001269   0.072836
  0.977046   0.084024  -0.195758   0.354635
  0.000000   0.000000   0.000000   1.000000
 -0.195087  -0.030486  -0.980312  -0.076680
 -0.089300   0.995917  -0.013201   0.072836
  0.976712   0.084967  -0.197013   0.354635
  0.000000   0.000000   0.000000   1.000000
 -0.195477   0.010553  -0.980651  -0.082344
  0.047557   0.998868   0.001269   0.437298
  0.979554  -0.046389  -0.195758   0.385371
  0.000000   0.000000   0.000000   1.000000
 -0.000884   0.867655  -0.056618  -0.098944
  0.000204   0.000000  -0.993494   0.190937
 -0.001543  -0.497167  -0.098809   0.392706
  0.000000   0.000000   0.000000   1.000000
  0.000565   0.000000  -0.767952  -0.111738
  0.000672  -0.133718   0.634756   0.064556
 -0.000091  -0.991019  -0.085647   0.330283
  0.000000   0.000000   0.000000   1.000000
 -0.000764  -0.476410  -0.054559  -0.041422
 -0.000414   0.879223  -0.029563   0.080758
  0.000054   0.000000  -0.998073   0.379015
  0.000000   0.000000   0.000000   1.000000
 -0.000062  -0.999187   0.000216  -0.095186
 -0.000008   0.000000  -0.999986   0.023804
  0.001537  -0.040314  -0.005342   0.478722
  0.000000   0.000000   0.000000   1.000000
  0.001582  -0.246679   0.311042  -0.122130
 -0.000403  -0.969097  -0.079174   0.070241
  0.000553   0.000000  -0.947092   0.407602
  0.000000   0.000000   0.000000   1.000000
 -0.000311   0.965244  -0.039948  -0.175480
  0.000184   0.000000  -0.988249   0.023248
 -0.001150  -0.261352  -0.147540   0.416758
  0.000000   0.000000   0.000000   1.000000
  0.001219   0.000000  -0.899485  -0.095560
  0.002072   0.564767   0.360595   0.564448
  0.001418  -0.825250   0.246776   0.475535
  0.000000   0.000000   0.000000   1.000000
 -0.000950   0.000000  -0.794704  -0.135267
 -0.001062  -0.520454   0.518309   0.444423
 -0.000647   0.853890   0.315915   0.374973
  0.000000   0.000000   0.000000   1.000000
 -0.000112   0.000000  -0.995653  -0.028359
 -0.001026  -0.520507   0.079533   0.432262
 -0.000626   0.853857   0.048483   0.397042
  0.000000   0.000000   0.000000   1.000000
  1.000000   0.000000   0.000000  -0.098944
  0.000000   1.000000   0.000000   0.190937
  0.000000   0.000000   1.000000   0.392706
  0.000000   0.000000   0.000000   1.000000
  1.000000   0.000000   0.000000  -0.111738
  0.000000   1.000000   0.000000   0.064556
  0.000000   0.000000   1.000000   0.330283
  0.000000   0.000000   0.000000   1.000000
  1.000000   0.000000   0.000000  -0.041422
  0.000000   1.000000   0.000000   0.080758
  0.000000   0.000000   1.000000   0.379015
  0.000000   0.000000   0.000000   1.000000
  1.000000   0.000000   0.000000  -0.095186
  0.000000   1.000000   0.000000   0.023804
  0.000000   0.000000   1.000000   0.478722
  0.000000   0.000000   0.000000   1.000000
  1.000000   0.000000   0.000000  -0.122130
  0.000000   1.000000   0.000000   0.070241
  0.000000   0.000000   1.000000   0.407602
  0.000000   0.000000   0.000000   1.000000
  1.000000   0.000000   0.000000  -0.175480
  0.000000   1.000000   0.000000   0.023248
  0.000000   0.000000   1.000000   0.416758
  0.000000   0.000000   0.000000   1.000000
  1.000000   0.000000   0.000000  -0.095560
  0.000000   1.000000   0.000000   0.564448
  0.000000   0.000000   1.000000   0.475535
  0.000000   0.000000   0.000000   1.000000
  1.000000   0.000000   0.000000  -0.135267
  0.000000   1.000000   0.000000   0.444423
  0.000000   0.000000   1.000000   0.374973
  0.000000   0.000000   0.000000   1.000000
  1.000000   0.000000   0.000000  -0.028359
  0.000000   1.000000   0.000000   0.432262
  0.000000   0.000000   1.000000   0.397042
  0.000000   0.000000   0.000000   1.000000
    0.0500 /Time
  1.000000   0.000000   0.000000   0.000000
  0.000000   1.000000   0.000000   0.000000
  0.000000   0.000000   1.000000   0.000000
  0.000000   0.000000   0.000000   1.000000
 -0.195853  -0.015753  -0.980507  -0.076656
 -0.085327   0.996352   0.001036   0.072848
  0.976914   0.083867  -0.196483   0.354700
  0.000000   0.000000   0.000000   1.000000
 -0.195784  -0.031678  -0.980135  -0.076656
 -0.089571   0.995878  -0.014294   0.072848
  0.976548   0.084994  -0.197814   0.354700
  0.000000   0.000000   0.000000   1.000000
 -0.196228   0.010049  -0.980507  -0.082419
  0.045976   0.998942   0.001036   0.437314
  0.979480  -0.044876  -0.196483   0.385379
  0.000000   0.000000   0.000000   1.000000
 -0.000832   0.872243  -0.061587  -0.099024
  0.000216   0.000000  -0.992040   0.190938
 -0.001484  -0.489074  -0.109838   0.392678
  0.000000   0.000000   0.000000   1.000000
  0.000590   0.000000  -0.754465  -0.111719
  0.000677  -0.060518   0.655137   0.064553
 -0.000041  -0.998167  -0.039720   0.330275
  0.000000   0.000000   0.000000   1.000000
 -0.000759  -0.457796  -0.094847  -0.041423
 -0.000391   0.889057  -0.048839   0.080758
  0.000092   0.000000  -0.994293   0.379067
  0.000000   0.000000   0.000000   1.000000
 -0.000121  -0.997112   0.001866  -0.095150
 -0.000039   0.000000  -0.999698   0.023820
  0.001590  -0.075947  -0.024504   0.478716
  0.000000   0.000000   0.000000   1.000000
  0.001567  -0.257354   0.310819  -0.122132
 -0.000417  -0.966317  -0.082779   0.070216
  0.000551   0.000000  -0.946858   0.407634
  0.000000   0.000000   0.000000   1.000000
 -0.000243   0.977704  -0.021667  -0.175519
  0.000120   0.000000  -0.994663   0.023209
 -0.001130  -0.209990  -0.100881   0.416720
  0.000000   0.000000   0.000000   1.000000
  0.001077   0.000000  -0.917589  -0.095629
  0.001981   0.604468   0.316683   0.564410
  0.001503  -0.796629   0.240294   0.475643
  0.000000   0.000000   0.000000   1.000000
 -0.000962   0.000000  -0.791361  -0.135324
 -0.001052  -0.535295   0.516386   0.444416
 -0.000667   0.844665   0.327252   0.374969
  0.000000   0.000000   0.000000   1.000000
 -0.000141   0.000000  -0.992748  -0.028410
 -0.000996  -0.515680   0.103000   0.432259
 -0.000599   0.856781   0.061994   0.397054
  0.000000   0.000000   0.000000   1.000000
  1.000000   0.000000   0.000000  -0.099024
  0.000000   1.000000   0.000000   0.190938
  0.000000   0.000000   1.000000   0.392678
  0.000000   0.000000   0.000000   1.000000
  1.000000   0.000000   0.000000  -0.111719
  0.000000   1.000000   0.000000   0.064553
  0.000000   0.000000   1.000000   0.330275
  0.000000   0.000000   0.000000   1.000000
  1.000000   0.000000   0.000000  -0.041423
  0.000000   1.000000   0.000000   0.080758
  0.000000   0.000000   1.000000   0.379067
  0.000000   0.000000   0.000000   1.000000
  1.000000   0.000000   0.000000  -0.095150
  0.000000   1.000000   0.000000   0.023820
  0.000000   0.000000   1.000000   0.478716
  0.000000   0.000000   0.000000   1.000000
  1.000000   0.000000   0.000000  -0.122132
  0.000000   1.000000   0.000000   0.070216
  0.000000   0.000000   1.000000   0.407634
  0.000000   0.000000   0.000000   1.000000
  1.000000   0.000000   0.000000  -0.175519
  0.000000   1.000000   0.000000   0.023209
  0.000000   0.000000   1.000000   0.416720
  0.000000   0.000000   0.000000   1.000000
  1.000000   0.000000   0.000000  -0.095629
  0.000000   1.000000   0.000000   0.564410
  0.000000   0.000000   1.000000   0.475643
  0.000000   0.000000   0.000000   1.000000
  1.000000   0.000000   0.000000  -0.135324
  0.000000   1.000000   0.000000   0.444416
  0.000000   0.000000   1.000000   0.374969
  0.000000   0.000000   0.000000   1.000000
  1.000000   0.000000   0.000000  -0.028410
  0.000000   1.000000   0.000000   0.432259
  0.000000   0.000000   1.000000   0.397054
  0.000000   0.000000   0.000000   1.000000
    0.0600 /Time
  1.000000   0.000000   0.000000   0.000000
  0.000000   1.000000   0.000000   0.000000
  0.000000   0.000000   1.000000   0.000000
  0.000000   0.000000   0.000000   1.000000
 -0.196400  -0.016007  -0.980393  -0.076655
 -0.085314   0.996354   0.000823   0.072857
  0.976805   0.083803  -0.197050   0.354740
  0.000000   0.000000   0.000000   1.000000
 -0.196326  -0.032602  -0.979997  -0.076655
 -0.089813   0.995844  -0.015137   0.072857
  0.976417   0.085044  -0.198438   0.354740
  0.000000   0.000000   0.000000   1.000000
 -0.196819   0.009574  -0.980393  -0.082511
  0.044494   0.999009   0.000823   0.437323
  0.979430  -0.043459  -0.197050   0.385395
  0.000000   0.000000   0.000000   1.000000
 -0.000794   0.875349  -0.064781  -0.099107
  0.000222   0.000000  -0.990983   0.190938
 -0.001438  -0.483492  -0.117284   0.392651
  0.000000   0.000000   0.000000   1.000000
  0.000593   0.000000  -0.754070  -0.111705
  0.000681  -0.016485   0.656704   0.064549
 -0.000011  -0.999864  -0.010827   0.330265
  0.000000   0.000000   0.000000   1.000000
 -0.000777  -0.437231  -0.097824  -0.041420
 -0.000378   0.899349  -0.047559   0.080763
  0.000095   0.000000  -0.994067   0.379123
  0.000000   0.000000   0.000000   1.000000
 -0.000163  -0.994857   0.003434  -0.095144
 -0.000055   0.000000  -0.999425   0.023819
  0.001604  -0.101293  -0.033727   0.478726
  0.000000   0.000000   0.000000   1.000000
  0.001542  -0.266416   0.307759  -0.122137
 -0.000426  -0.963858  -0.085066   0.070192
  0.000539   0.000000  -0.947654   0.407657
  0.000000   0.000000   0.000000   1.000000
 -0.000195   0.985122  -0.011385  -0.175561
  0.000075   0.000000  -0.997803   0.023172
 -0.001118  -0.171856  -0.065264   0.416680
  0.000000   0.000000   0.000000   1.000000
  0.000955   0.000000  -0.932737  -0.095717
  0.001899   0.639715   0.277128   0.564366
  0.001580  -0.768612   0.230654   0.475758
  0.000000   0.000000   0.000000   1.000000
 -0.000984   0.000000  -0.784401  -0.135391
 -0.001047  -0.540931   0.521676   0.444409
 -0.000673   0.841067   0.335515   0.374970
  0.000000   0.000000   0.000000   1.000000
 -0.000176   0.000000  -0.988112  -0.028471
 -0.000971  -0.511343   0.132118   0.432255
 -0.000578   0.859376   0.078612   0.397071
  0.000000   0.000000   0.000000   1.000000
  1.000000   0.000000   0.000000  -0.099107
  0.000000   1.000000   0.000000   0.190938
  0.000000   0.000000   1.000000   0.392651
  0.000000   0.000000   0.000000   1.000000
  1.000000   0.000000   0.000000  -0.111705
  0.000000   1.000000   0.000000   0.064549
  0.000000   0.000000   1.000000   0.330265
  0.000000   0.000000   0.000000   1.000000
  1.000000   0.000000   0.000000  -0.041420
  0.000000   1.000000   0.000000   0.080763
  0.000000   0.000000   1.000000   0.379123
  0.000000   0.000000   0.000000   1.000000
  1.000000   0.000000   0.000000  -0.095144
  0.000000   1.000000   0.000000   0.023819
  0.000000   0.000000   1.000000   0.478726
  0.000000   0.000000   0.000000   1.000000
  1.000000   0.000000   0.000000  -0.122137
  0.000000   1.000000   0.000000   0.070192
  0.000000   0.000000   1.000000   0.407657
  0.000000   0.000000   0.000000   1.000000
  1.000000   0.000000   0.000000  -0.175561
  0.000000   1.000000   0.000000   0.023172
  0.000000   0.000000   1.000000   0.416680
  0.000000   0.000000   0.000000   1.000000
  1.000000   0.000000   0.000000  -0.095717
  0.000000   1.000000   0.000000   0.564366
  0.000000   0.000000   1.000000   0.475758
  0.000000   0.000000   0.000000   1.000000
  1.000000   0.000000   0.000000  -0.135391
  0.000000   1.000000   0.000000   0.444409
  0.000000   0.000000   1.000000   0.374970
  0.000000   0.000000   0.000000   1.000000
  1.000000   0.000000   0.000000  -0.028471
  0.000000   1.000000   0.000000   0.432255
  0.000000   0.000000   1.000000   0.397071
  0.000000   0.000000   0.000000   1.000000
    0.0700 /Time
  1.000000   0.000000   0.000000   0.000000
  0.000000   1.000000   0.000000   0.000000
  0.000000   0.000000   1.000000   0.000000
  0.000000   0.000000   0.000000   1.000000
 -0.196736  -0.016156  -0.980323  -0.076663
 -0.085335   0.996352   0.000706   0.072859
  0.976736   0.083794  -0.197397   0.354761
  0.000000   0.000000   0.000000   1.000000
 -0.196658  -0.032911  -0.979920  -0.076663
 -0.090004   0.995823  -0.015382   0.072859
  0.976332   0.085172  -0.198799   0.354761
  0.000000   0.000000   0.000000   1.000000
 -0.197178   0.009323  -0.980323  -0.082573
  0.043728   0.999043   0.000706   0.437325
  0.979392  -0.042728  -0.197397   0.385412
  0.000000   0.000000   0.000000   1.000000
 -0.000745   0.883223  -0.065339  -0.099190
  0.000224   0.000000  -0.990246   0.190936
 -0.001403  -0.468953  -0.123060   0.392628
  0.000000   0.000000   0.000000   1.000000
  0.000586   0.000000  -0.758661  -0.111696
  0.000682   0.010485   0.651450   0.064546
  0.000007  -0.999945   0.006831   0.330255
  0.000000   0.000000   0.000000   1.000000
 -0.000804  -0.427005  -0.063682  -0.041410
 -0.000380   0.904249  -0.030072   0.080771
  0.000063   0.000000  -0.997517   0.379188
  0.000000   0.000000   0.000000   1.000000
 -0.000183  -0.993433   0.004181  -0.095164
 -0.000058   0.000000  -0.999332   0.023802
  0.001586  -0.114418  -0.036300   0.478751
  0.000000   0.000000   0.000000   1.000000
  0.001524  -0.265878   0.304550  -0.122146
 -0.000420  -0.964007  -0.083997   0.070169
  0.000526   0.000000  -0.948786   0.407674
  0.000000   0.000000   0.000000   1.000000
 -0.000167   0.988604  -0.010558  -0.175605
  0.000078   0.000000  -0.997538   0.023135
 -0.001100  -0.150540  -0.069335   0.416640
  0.000000   0.000000   0.000000   1.000000
  0.000930   0.000000  -0.934726  -0.095821
  0.001879   0.640157   0.273010   0.564317
  0.001566  -0.768244   0.227492   0.475879
  0.000000   0.000000   0.000000   1.000000
 -0.000969   0.000000  -0.788850  -0.135465
 -0.001045  -0.542652   0.516226   0.444403
 -0.000675   0.839958   0.333506   0.374974
  0.000000   0.000000   0.000000   1.000000
 -0.000171   0.000000  -0.988492  -0.028540
 -0.000959  -0.511040   0.130025   0.432251
 -0.000570   0.859557   0.077305   0.397096
  0.000000   0.000000   0.000000   1.000000
  1.000000   0.000000   0.000000  -0.099190
  0.000000   1.000000   0.000000   0.190936
  0.000000   0.000000   1.000000   0.392628
  0.000000   0.000000   0.000000   1.000000
  1.000000   0.000000   0.000000  -0.111696
  0.000000   1.000000   0.000000   0.064546
  0.000000   0.000000   1.000000   0.330255
  0.000000   0.000000   0.000000   1.000000
  1.000000   0.000000   0.000000  -0.041410
  0.000000   1.000000   0.000000   0.080771
  0.000000   0.000000   1.000000   0.379188
  0.000000   0.000000   0.000000   1.000000
  1.000000   0.000000   0.000000  -0.095164
  0.000000   1.000000   0.000000   0.023802
  0.000000   0.000000   1.000000   0.478751
  0.000000   0.000000   0.000000   1.000000
  1.000000   0.000000   0.000000  -0.122146
  0.000000   1.000000   0.000000   0.070169
  0.000000   0.000000   1.000000   0.407674
  0.000000   0.000000   0.000000   1.000000
  1.000000   0.000000   0.000000  -0.175605
  0.000000   1.000000   0.000000   0.023135
  0.000000   0.000000   1.000000   0.416640
  0.000000   0.000000   0.000000   1.000000
  1.000000   0.000000   0.000000  -0.095821
  0.000000   1.000000   0.000000   0.564317
  0.000000   0.000000   1.000000   0.475879
  0.000000   0.000000   0.000000   1.000000
  1.000000   0.000000   0.000000  -0.135465
  0.000000   1.000000   0.000000   0.444403
  0.000000   0.000000   1.000000   0.374974
  0.000000   0.000000   0.000000   1.000000
  1.000000   0.000000   0.000000  -0.028540
  0.000000   1.000000   0.000000   0.432251
  0.000000   0.000000   1.000000   0.397096
  0.000000   0.000000   0.000000   1.000000
    0.0800 /Time
  1.000000   0.000000   0.000000   0.000000
  0.000000   1.000000   0.000000   0.000000
  0.000000   0.000000   1.000000   0.000000
  0.000000   0.000000   0.000000   1.000000
 -0.197014  -0.016314  -0.980265  -0.076678
 -0.085398   0.996347   0.000582   0.072860
  0.976674   0.083828  -0.197687   0.354774
  0.000000   0.000000   0.000000   1.000000
 -0.196933  -0.033180  -0.979855  -0.076678
 -0.090187   0.995803  -0.015594   0.072860
  0.976260   0.085299  -0.199099   0.354774
  0.000000   0.000000   0.000000   1.000000
 -0.197480   0.009065  -0.980265  -0.082645
  0.042972   0.999076   0.000582   0.437323
  0.979365  -0.042009  -0.197687   0.385438
  0.000000   0.000000   0.000000   1.000000
 -0.000703   0.890366  -0.065215  -0.099274
  0.000223   0.000000  -0.989686   0.190932
 -0.001374  -0.455246  -0.127548   0.392611
  0.000000   0.000000   0.000000   1.000000
  0.000573   0.000000  -0.765821  -0.111690
  0.000682   0.028362   0.642795   0.064542
  0.000019  -0.999598   0.018238   0.330246
  0.000000   0.000000   0.000000   1.000000
 -0.000818  -0.418537  -0.060197  -0.041419
 -0.000377   0.908200  -0.027741   0.080772
  0.000060   0.000000  -0.997801   0.379215
  0.000000   0.000000   0.000000   1.000000
 -0.000190  -0.992582   0.004355  -0.095198
 -0.000056   0.000000  -0.999358   0.023778
  0.001555  -0.121580  -0.035550   0.478783
  0.000000   0.000000   0.000000   1.000000
  0.001502  -0.266763   0.300761  -0.122154
 -0.000416  -0.963762  -0.083249   0.070146
  0.000512   0.000000  -0.950059   0.407688
  0.000000   0.000000   0.000000   1.000000
 -0.000148   0.990797  -0.010053  -0.175645
  0.000081   0.000000  -0.997238   0.023100
 -0.001084  -0.135356  -0.073586   0.416601
  0.000000   0.000000   0.000000   1.000000
  0.000914   0.000000  -0.935461  -0.095940
  0.001859   0.639988   0.271570   0.564266
  0.001548  -0.768385   0.226191   0.476011
  0.000000   0.000000   0.000000   1.000000
 -0.000960   0.000000  -0.791659  -0.135545
 -0.001047  -0.540270   0.514120   0.444397
 -0.000672   0.841491   0.330085   0.374986
  0.000000   0.000000   0.000000   1.000000
 -0.000170   0.000000  -0.988422  -0.028616
 -0.000950  -0.510720   0.130447   0.432246
 -0.000564   0.859747   0.077490   0.397127
  0.000000   0.000000   0.000000   1.000000
  1.000000   0.000000   0.000000  -0.099274
  0.000000   1.000000   0.000000   0.190932
  0.000000   0.000000   1.000000   0.392611
  0.000000   0.000000   0.000000   1.000000
  1.000000   0.000000   0.000000  -0.111690
  0.000000   1.000000   0.000000   0.064542
  0.000000   0.000000   1.000000   0.330246
  0.000000   0.000000   0.000000   1.000000
  1.000000   0.000000   0.000000  -0.041419
  0.000000   1.000000   0.000000   0.080772
  0.000000   0.000000   1.000000   0.379215
  0.000000   0.000000   0.000000   1.000000
  1.000000   0.000000   0.000000  -0.095198
  0.000000   1.000000   0.000000   0.023778
  0.000000   0.000000   1.000000   0.478783
  0.000000   0.000000   0.000000   1.000000
  1.000000   0.000000   0.000000  -0.122154
  0.000000   1.000000   0.000000   0.070146
  0.000000   0.000000   1.000000   0.407688
  0.000000   0.000000   0.000000   1.000000
  1.000000   0.000000   0.000000  -0.175645
  0.000000   1.000000   0.000000   0.023100
  0.000000   0.000000   1.000000   0.416601
  0.000000   0.000000   0.000000   1.000000
  1.000000   0.000000   0.000000  -0.095940
  0.000000   1.000000   0.000000   0.564266
  0.000000   0.000000   1.000000   0.476011
  0.000000   0.000000   0.000000   1.000000
  1.000000   0.000000   0.000000  -0.135545
  0.000000   1.000000   0.000000   0.444397
  0.000000   0.000000   1.000000   0.374986
  0.000000   0.000000   0.000000   1.000000
  1.000000   0.000000   0.000000  -0.028616
  0.000000   1.000000   0.000000   0.432246
  0.000000   0.000000   1.000000   0.397127
  0.000000   0.000000   0.000000   1.000000
    0.0900 /Time
  1.000000   0.000000   0.000000   0.000000
  0.000000   1.000000   0.000000   0.000000
  0.000000   0.000000   1.000000   0.000000
  0.000000   0.000000   0.000000   1.000000
 -0.197216  -0.016483  -0.980221  -0.076697
 -0.085503   0.996338   0.000449   0.072858
  0.976624   0.083901  -0.197903   0.354781
  0.000000   0.000000   0.000000   1.000000
 -0.197134  -0.033439  -0.979806  -0.076697
 -0.090332   0.995786  -0.015810   0.072858
  0.976206   0.085391  -0.199324   0.354781
  0.000000   0.000000   0.000000   1.000000
 -0.197709   0.008788  -0.980221  -0.082726
  0.042182   0.999110   0.000449   0.437318
  0.979353  -0.041259  -0.197903   0.385472
  0.000000   0.000000   0.000000   1.000000
 -0.000666   0.897217  -0.064243  -0.099356
  0.000222   0.000000  -0.989361   0.190925
 -0.001353  -0.441589  -0.130528   0.392600
  0.000000   0.000000   0.000000   1.000000
  0.000555   0.000000  -0.775186  -0.111685
  0.000681   0.037431   0.631290   0.064539
  0.000025  -0.999299   0.023647   0.330239
  0.000000   0.000000   0.000000   1.000000
 -0.000817  -0.411089  -0.082119  -0.041446
 -0.000368   0.911595  -0.037032   0.080765
  0.000081   0.000000  -0.995934   0.379209
  0.000000   0.000000   0.000000   1.000000
 -0.000193  -0.992050   0.004175  -0.095231
 -0.000051   0.000000  -0.999450   0.023754
  0.001520  -0.125842  -0.032913   0.478817
  0.000000   0.000000   0.000000   1.000000
  0.001477  -0.268592   0.294168  -0.122160
 -0.000412  -0.963254  -0.082025   0.070124
  0.000492   0.000000  -0.952227   0.407705
  0.000000   0.000000   0.000000   1.000000
 -0.000134   0.992196  -0.009762  -0.175680
  0.000085   0.000000  -0.996931   0.023065
 -0.001070  -0.124685  -0.077680   0.416566
  0.000000   0.000000   0.000000   1.000000
  0.000906   0.000000  -0.935049  -0.096070
  0.001835   0.640704   0.272195   0.564212
  0.001532  -0.767788   0.227142   0.476156
  0.000000   0.000000   0.000000   1.000000
 -0.000956   0.000000  -0.792625  -0.135630
 -0.001050  -0.535194   0.515039   0.444388
 -0.000665   0.844729   0.326313   0.375005
  0.000000   0.000000   0.000000   1.000000
 -0.000172   0.000000  -0.987874  -0.028695
 -0.000941  -0.512643   0.133302   0.432240
 -0.000562   0.858602   0.079590   0.397166
  0.000000   0.000000   0.000000   1.000000
  1.000000   0.000000   0.000000  -0.099356
  0.000000   1.000000   0.000000   0.190925
  0.000000   0.000000   1.000000   0.392600
  0.000000   0.000000   0.000000   1.000000
  1.000000   0.000000   0.000000  -0.111685
  0.000000   1.000000   0.000000   0.064539
  0.000000   0.000000   1.000000   0.330239
  0.000000   0.000000   0.000000   1.000000
  1.000000   0.000000   0.000000  -0.041446
  0.000000   1.000000   0.000000   0.080765
  0.000000   0.000000   1.000000   0.379209
  0.000000   0.000000   0.000000   1.000000
  1.000000   0.000000   0.000000  -0.095231
  0.000000   1.000000   0.000000   0.023754
  0.000000   0.000000   1.000000   0.478817
  0.000000   0.000000   0.000000   1.000000
  1.000000   0.000000   0.000000  -0.122160
  0.000000   1.000000   0.000000   0.070124
  0.000000   0.000000   1.000000   0.407705
  0.000000   0.000000   0.000000   1.000000
  1.000000   0.000000   0.000000  -0.175680
  0.000000   1.000000   0.000000   0.023065
  0.000000   0.000000   1.000000   0.416566
  0.000000   0.000000   0.000000   1.000000
  1.000000   0.000000   0.000000  -0.096070
  0.000000   1.000000   0.000000   0.564212
  0.000000   0.000000   1.000000   0.476156
