22  22
Ground 0
Shank 1
Foot 2
Thigh 3
Aux_MarkerSet_G10_RS 4
Aux_MarkerSet_G10_LM 5
Aux_MarkerSet_G10_MM 6
Aux_MarkerSet_G10_F1 7
Aux_MarkerSet_G10_F2 8
Aux_MarkerSet_G10_F3 9
Aux_MarkerSet_G10_RT 10
Aux_MarkerSet_G10_LFE 11
Aux_MarkerSet_G10_MFE 12
MeasuredMarker_MarkerSet_G10_RS 13
MeasuredMarker_MarkerSet_G10_LM 14
MeasuredMarker_MarkerSet_G10_MM 15
MeasuredMarker_MarkerSet_G10_F1 16
MeasuredMarker_MarkerSet_G10_F2 17
MeasuredMarker_MarkerSet_G10_F3 18
MeasuredMarker_MarkerSet_G10_RT 19
MeasuredMarker_MarkerSet_G10_LFE 20
MeasuredMarker_MarkerSet_G10_MFE 21
    0.0000 /Time
  1.000000   0.000000   0.000000   0.000000
  0.000000   1.000000   0.000000   0.000000
  0.000000   0.000000   1.000000   0.000000
  0.000000   0.000000   0.000000   1.000000
 -0.109606  -0.003041  -0.993970  -0.038989
 -0.087164   0.996172   0.006564   0.070701
  0.990146   0.087358  -0.109451   0.301810
  0.000000   0.000000   0.000000   1.000000
 -0.109604  -0.002170  -0.993973  -0.038989
 -0.087798   0.996110   0.007507   0.070701
  0.990090   0.088092  -0.109368   0.301810
  0.000000   0.000000   0.000000   1.000000
 -0.109471   0.006231  -0.993970  -0.040101
 -0.002679   0.999975   0.006564   0.435101
  0.993986   0.003381  -0.109451   0.333765
  0.000000   0.000000   0.000000   1.000000
 -0.000026   0.000000  -0.965016  -0.058237
  0.000095   0.096460  -0.260970   0.188921
  0.000009  -0.995337  -0.025291   0.340482
  0.000000   0.000000   0.000000   1.000000
 -0.000116   0.618992  -0.447119  -0.075405
  0.000091   0.785397   0.352386   0.063236
  0.000102   0.000000  -0.822137   0.280350
  0.000000   0.000000   0.000000   1.000000
 -0.000004   0.999518   0.014807  -0.002453
 -0.000076   0.000000  -0.879036   0.078051
 -0.000141  -0.031057   0.476526   0.323299
  0.000000   0.000000   0.000000   1.000000
  0.000140  -0.335851  -0.434988  -0.047509
 -0.000050  -0.941915   0.155100   0.021778
 -0.000078   0.000000  -0.886978   0.428625
  0.000000   0.000000   0.000000   1.000000
  0.000099   0.507989   0.265056  -0.078095
  0.000058  -0.861364   0.156317   0.068411
  0.000037   0.000000  -0.951478   0.358968
  0.000000   0.000000   0.000000   1.000000
  0.000024  -0.968974   0.085032  -0.133337
  0.000035   0.000000  -0.938959   0.023156
  0.000093   0.247164   0.333355   0.371196
  0.000000   0.000000   0.000000   1.000000
  0.000006   0.000000  -0.999818  -0.044116
 -0.000244  -0.542109  -0.016009   0.559739
 -0.000158   0.840308  -0.010328   0.432610
  0.000000   0.000000   0.000000   1.000000
  0.000322   0.000000  -0.817681  -0.095055
  0.000372  -0.583946   0.467326   0.441090
 -0.000267  -0.811792  -0.336162   0.328033
  0.000000   0.000000   0.000000   1.000000
 -0.000445  -0.532442  -0.514691   0.014974
 -0.000280   0.846466  -0.323749   0.429020
  0.000402   0.000000  -0.793901   0.339362
  0.000000   0.000000   0.000000   1.000000
  1.000000   0.000000   0.000000  -0.058237
  0.000000   1.000000   0.000000   0.188921
  0.000000   0.000000   1.000000   0.340482
  0.000000   0.000000   0.000000   1.000000
  1.000000   0.000000   0.000000  -0.075405
  0.000000   1.000000   0.000000   0.063236
  0.000000   0.000000   1.000000   0.280350
  0.000000   0.000000   0.000000   1.000000
  1.000000   0.000000   0.000000  -0.002453
  0.000000   1.000000   0.000000   0.078051
  0.000000   0.000000   1.000000   0.323299
  0.000000   0.000000   0.000000   1.000000
  1.000000   0.000000   0.000000  -0.047509
  0.000000   1.000000   0.000000   0.021778
  0.000000   0.000000   1.000000   0.428625
  0.000000   0.000000   0.000000   1.000000
  1.000000   0.000000   0.000000  -0.078095
  0.000000   1.000000   0.000000   0.068411
  0.000000   0.000000   1.000000   0.358968
  0.000000   0.000000   0.000000   1.000000
  1.000000   0.000000   0.000000  -0.133337
  0.000000   1.000000   0.000000   0.023156
  0.000000   0.000000   1.000000   0.371196
  0.000000   0.000000   0.000000   1.000000
  1.000000   0.000000   0.000000  -0.044116
  0.000000   1.000000   0.000000   0.559739
  0.000000   0.000000   1.000000   0.432610
  0.000000   0.000000   0.000000   1.000000
  1.000000   0.000000   0.000000  -0.095055
  0.000000   1.000000   0.000000   0.441090
  0.000000   0.000000   1.000000   0.328033
  0.000000   0.000000   0.000000   1.000000
  1.000000   0.000000   0.000000   0.014974
  0.000000   1.000000   0.000000   0.429020
  0.000000   0.000000   1.000000   0.339362
  0.000000   0.000000   0.000000   1.000000
    0.0100 /Time
  1.000000   0.000000   0.000000   0.000000
  0.000000   1.000000   0.000000   0.000000
  0.000000   0.000000   1.000000   0.000000
  0.000000   0.000000   0.000000   1.000000
 -0.109609  -0.003042  -0.993970  -0.038989
 -0.087159   0.996173   0.006562   0.070701
  0.990146   0.087353  -0.109455   0.301810
  0.000000   0.000000   0.000000   1.000000
 -0.109607  -0.002152  -0.993973  -0.038989
 -0.087827   0.996107   0.007528   0.070701
  0.990087   0.088123  -0.109369   0.301810
  0.000000   0.000000   0.000000   1.000000
 -0.109474   0.006228  -0.993970  -0.040102
 -0.002695   0.999975   0.006562   0.435101
  0.993986   0.003398  -0.109455   0.333764
  0.000000   0.000000   0.000000   1.000000
 -0.000021   0.000000  -0.973954  -0.058242
  0.000087   0.197972  -0.222258   0.188929
  0.000018  -0.980208  -0.044889   0.340474
  0.000000   0.000000   0.000000   1.000000
 -0.000131   0.585775  -0.404856  -0.075389
  0.000095   0.810474   0.292613   0.063233
  0.000094   0.000000  -0.866296   0.280360
  0.000000   0.000000   0.000000   1.000000
 -0.000001   0.999981   0.002946  -0.002457
 -0.000077   0.000000  -0.880113   0.078053
 -0.000143  -0.006205   0.474755   0.323302
  0.000000   0.000000   0.000000   1.000000
  0.000152  -0.069148  -0.479603  -0.047521
 -0.000011  -0.997606   0.033243   0.021735
 -0.000084   0.000000  -0.876855   0.428630
  0.000000   0.000000   0.000000   1.000000
  0.000101   0.478379   0.238905  -0.078097
  0.000055  -0.878154   0.130145   0.068414
  0.000032   0.000000  -0.962282   0.358973
  0.000000   0.000000   0.000000   1.000000
  0.000023  -0.972572   0.079770  -0.133337
  0.000036   0.000000  -0.939354   0.023155
  0.000095   0.232600   0.333544   0.371193
  0.000000   0.000000   0.000000   1.000000
  0.000007   0.000000  -0.999664  -0.044119
 -0.000227  -0.584584  -0.021032   0.559721
 -0.000163   0.811333  -0.015154   0.432617
  0.000000   0.000000   0.000000   1.000000
  0.000331   0.696858  -0.352516  -0.095064
  0.000321  -0.717209  -0.342512   0.441141
 -0.000260   0.000000  -0.870872   0.328025
  0.000000   0.000000   0.000000   1.000000
 -0.000426  -0.517797  -0.535837   0.014955
 -0.000258   0.855503  -0.324318   0.428998
  0.000400   0.000000  -0.779549   0.339364
  0.000000   0.000000   0.000000   1.000000
  1.000000   0.000000   0.000000  -0.058242
  0.000000   1.000000   0.000000   0.188929
  0.000000   0.000000   1.000000   0.340474
  0.000000   0.000000   0.000000   1.000000
  1.000000   0.000000   0.000000  -0.075389
  0.000000   1.000000   0.000000   0.063233
  0.000000   0.000000   1.000000   0.280360
  0.000000   0.000000   0.000000   1.000000
  1.000000   0.000000   0.000000  -0.002457
  0.000000   1.000000   0.000000   0.078053
  0.000000   0.000000   1.000000   0.323302
  0.000000   0.000000   0.000000   1.000000
  1.000000   0.000000   0.000000  -0.047521
  0.000000   1.000000   0.000000   0.021735
  0.000000   0.000000   1.000000   0.428630
  0.000000   0.000000   0.000000   1.000000
  1.000000   0.000000   0.000000  -0.078097
  0.000000   1.000000   0.000000   0.068414
  0.000000   0.000000   1.000000   0.358973
  0.000000   0.000000   0.000000   1.000000
  1.000000   0.000000   0.000000  -0.133337
  0.000000   1.000000   0.000000   0.023155
  0.000000   0.000000   1.000000   0.371193
  0.000000   0.000000   0.000000   1.000000
  1.000000   0.000000   0.000000  -0.044119
  0.000000   1.000000   0.000000   0.559721
  0.000000   0.000000   1.000000   0.432617
  0.000000   0.000000   0.000000   1.000000
  1.000000   0.000000   0.000000  -0.095064
  0.000000   1.000000   0.000000   0.441141
  0.000000   0.000000   1.000000   0.328025
  0.000000   0.000000   0.000000   1.000000
  1.000000   0.000000   0.000000   0.014955
  0.000000   1.000000   0.000000   0.428998
  0.000000   0.000000   1.000000   0.339364
  0.000000   0.000000   0.000000   1.000000
    0.0200 /Time
  1.000000   0.000000   0.000000   0.000000
  0.000000   1.000000   0.000000   0.000000
  0.000000   0.000000   1.000000   0.000000
  0.000000   0.000000   0.000000   1.000000
 -0.109606  -0.003046  -0.993970  -0.038989
 -0.087155   0.996173   0.006557   0.070701
  0.990147   0.087349  -0.109452   0.301812
  0.000000   0.000000   0.000000   1.000000
 -0.109604  -0.002123  -0.993973  -0.038989
 -0.087866   0.996104   0.007561   0.070701
  0.990084   0.088165  -0.109363   0.301812
  0.000000   0.000000   0.000000   1.000000
 -0.109471   0.006221  -0.993970  -0.040103
 -0.002711   0.999975   0.006557   0.435101
  0.993986   0.003413  -0.109452   0.333764
  0.000000   0.000000   0.000000   1.000000
 -0.000026   0.000000  -0.965938  -0.058237
  0.000095   0.096279  -0.257571   0.188922
  0.000009  -0.995354  -0.024914   0.340483
  0.000000   0.000000   0.000000   1.000000
 -0.000105   0.622812  -0.381492  -0.075414
  0.000084   0.782371   0.303690   0.063243
  0.000075   0.000000  -0.873061   0.280379
  0.000000   0.000000   0.000000   1.000000
 -0.000012   0.996949   0.030067  -0.002446
 -0.000062   0.000000  -0.922844   0.078038
 -0.000149  -0.078062   0.383997   0.323309
  0.000000   0.000000   0.000000   1.000000
  0.000109  -0.099554  -0.595651  -0.047479
 -0.000011  -0.995032   0.059595   0.021730
 -0.000082   0.000000  -0.801029   0.428628
  0.000000   0.000000   0.000000   1.000000
  0.000081   0.000000  -0.781282  -0.078076
  0.000086   0.519277   0.533426   0.068381
  0.000052  -0.854606   0.324121   0.358955
  0.000000   0.000000   0.000000   1.000000
  0.000013  -0.989550   0.037893  -0.133328
  0.000025   0.000000  -0.964851   0.023165
  0.000092   0.144189   0.260053   0.371195
  0.000000   0.000000   0.000000   1.000000
  0.000025   0.000000  -0.995943  -0.044138
 -0.000227  -0.556449  -0.074771   0.559719
 -0.000152   0.830882  -0.050075   0.432607
  0.000000   0.000000   0.000000   1.000000
  0.000327   0.000000  -0.815009  -0.095061
  0.000367  -0.602390   0.462516   0.441095
 -0.000277  -0.798202  -0.349054   0.328041
  0.000000   0.000000   0.000000   1.000000
 -0.000420  -0.498258  -0.549578   0.014948
 -0.000241   0.867029  -0.315827   0.428982
  0.000397   0.000000  -0.773445   0.339366
  0.000000   0.000000   0.000000   1.000000
  1.000000   0.000000   0.000000  -0.058237
  0.000000   1.000000   0.000000   0.188922
  0.000000   0.000000   1.000000   0.340483
  0.000000   0.000000   0.000000   1.000000
  1.000000   0.000000   0.000000  -0.075414
  0.000000   1.000000   0.000000   0.063243
  0.000000   0.000000   1.000000   0.280379
  0.000000   0.000000   0.000000   1.000000
  1.000000   0.000000   0.000000  -0.002446
  0.000000   1.000000   0.000000   0.078038
  0.000000   0.000000   1.000000   0.323309
  0.000000   0.000000   0.000000   1.000000
  1.000000   0.000000   0.000000  -0.047479
  0.000000   1.000000   0.000000   0.021730
  0.000000   0.000000   1.000000   0.428628
  0.000000   0.000000   0.000000   1.000000
  1.000000   0.000000   0.000000  -0.078076
  0.000000   1.000000   0.000000   0.068381
  0.000000   0.000000   1.000000   0.358955
  0.000000   0.000000   0.000000   1.000000
  1.000000   0.000000   0.000000  -0.133328
  0.000000   1.000000   0.000000   0.023165
  0.000000   0.000000   1.000000   0.371195
  0.000000   0.000000   0.000000   1.000000
  1.000000   0.000000   0.000000  -0.044138
  0.000000   1.000000   0.000000   0.559719
  0.000000   0.000000   1.000000   0.432607
  0.000000   0.000000   0.000000   1.000000
  1.000000   0.000000   0.000000  -0.095061
  0.000000   1.000000   0.000000   0.441095
  0.000000   0.000000   1.000000   0.328041
  0.000000   0.000000   0.000000   1.000000
  1.000000   0.000000   0.000000   0.014948
  0.000000   1.000000   0.000000   0.428982
  0.000000   0.000000   1.000000   0.339366
  0.000000   0.000000   0.000000   1.000000
    0.0300 /Time
  1.000000   0.000000   0.000000   0.000000
  0.000000   1.000000   0.000000   0.000000
  0.000000   0.000000   1.000000   0.000000
  0.000000   0.000000   0.000000   1.000000
 -0.109589  -0.003055  -0.993972  -0.038988
 -0.087149   0.996174   0.006547   0.070701
  0.990149   0.087341  -0.109436   0.301813
  0.000000   0.000000   0.000000   1.000000
 -0.109587  -0.002079  -0.993975  -0.038988
 -0.087927   0.996098   0.007610   0.070701
  0.990081   0.088231  -0.109342   0.301813
  0.000000   0.000000   0.000000   1.000000
 -0.109456   0.006207  -0.993972  -0.040106
 -0.002741   0.999975   0.006547   0.435101
  0.993988   0.003441  -0.109436   0.333762
  0.000000   0.000000   0.000000   1.000000
 -0.000018   0.000000  -0.982434  -0.058244
  0.000096   0.103133  -0.185617   0.188921
  0.000010  -0.994668  -0.019246   0.340483
  0.000000   0.000000   0.000000   1.000000
 -0.000112   0.611155  -0.449922  -0.075407
  0.000087   0.791511   0.347402   0.063240
  0.000098   0.000000  -0.822728   0.280358
  0.000000   0.000000   0.000000   1.000000
 -0.000009   0.998026   0.032080  -0.002448
 -0.000082   0.000000  -0.859728   0.078058
 -0.000137  -0.062809   0.509743   0.323298
  0.000000   0.000000   0.000000   1.000000
  0.000120  -0.194221  -0.567365  -0.047488
 -0.000024  -0.980958   0.112333   0.021735
 -0.000087   0.000000  -0.815768   0.428630
  0.000000   0.000000   0.000000   1.000000
  0.000076   0.000000  -0.785560  -0.078070
  0.000089   0.390562   0.569639   0.068376
  0.000038  -0.920576   0.241674   0.358971
  0.000000   0.000000   0.000000   1.000000
  0.000023  -0.972920   0.060238  -0.133338
  0.000027   0.000000  -0.965445   0.023163
  0.000098   0.231144   0.253551   0.371190
  0.000000   0.000000   0.000000   1.000000
  0.000018   0.000000  -0.997920  -0.044134
 -0.000229  -0.572526  -0.052856   0.559719
 -0.000160   0.819887  -0.036909   0.432618
  0.000000   0.000000   0.000000   1.000000
  0.000325   0.701862  -0.358718  -0.095062
  0.000321  -0.712313  -0.353455   0.441141
 -0.000266   0.000000  -0.863939   0.328030
  0.000000   0.000000   0.000000   1.000000
 -0.000412  -0.715553   0.260460   0.014937
 -0.000237   0.000000  -0.927890   0.428978
  0.000422  -0.698559  -0.266796   0.339339
  0.000000   0.000000   0.000000   1.000000
  1.000000   0.000000   0.000000  -0.058244
  0.000000   1.000000   0.000000   0.188921
  0.000000   0.000000   1.000000   0.340483
  0.000000   0.000000   0.000000   1.000000
  1.000000   0.000000   0.000000  -0.075407
  0.000000   1.000000   0.000000   0.063240
  0.000000   0.000000   1.000000   0.280358
  0.000000   0.000000   0.000000   1.000000
  1.000000   0.000000   0.000000  -0.002448
  0.000000   1.000000   0.000000   0.078058
  0.000000   0.000000   1.000000   0.323298
  0.000000   0.000000   0.000000   1.000000
  1.000000   0.000000   0.000000  -0.047488
  0.000000   1.000000   0.000000   0.021735
  0.000000   0.000000   1.000000   0.428630
  0.000000   0.000000   0.000000   1.000000
  1.000000   0.000000   0.000000  -0.078070
  0.000000   1.000000   0.000000   0.068376
  0.000000   0.000000   1.000000   0.358971
  0.000000   0.000000   0.000000   1.000000
  1.000000   0.000000   0.000000  -0.133338
  0.000000   1.000000   0.000000   0.023163
  0.000000   0.000000   1.000000   0.371190
  0.000000   0.000000   0.000000   1.000000
  1.000000   0.000000   0.000000  -0.044134
  0.000000   1.000000   0.000000   0.559719
  0.000000   0.000000   1.000000   0.432618
  0.000000   0.000000   0.000000   1.000000
  1.000000   0.000000   0.000000  -0.095062
  0.000000   1.000000   0.000000   0.441141
  0.000000   0.000000   1.000000   0.328030
  0.000000   0.000000   0.000000   1.000000
  1.000000   0.000000   0.000000   0.014937
  0.000000   1.000000   0.000000   0.428978
  0.000000   0.000000   1.000000   0.339339
  0.000000   0.000000   0.000000   1.000000
    0.0400 /Time
  1.000000   0.000000   0.000000   0.000000
  0.000000   1.000000   0.000000   0.000000
  0.000000   0.000000   1.000000   0.000000
  0.000000   0.000000   0.000000   1.000000
 -0.109510  -0.003102  -0.993981  -0.038986
 -0.087170   0.996172   0.006495   0.070698
  0.990156   0.087356  -0.109362   0.301810
  0.000000   0.000000   0.000000   1.000000
 -0.109508  -0.002016  -0.993984  -0.038986
 -0.088038   0.996087   0.007679   0.070698
  0.990079   0.088350  -0.109257   0.301810
  0.000000   0.000000   0.000000   1.000000
 -0.109382   0.006151  -0.993981  -0.040120
 -0.002795   0.999975   0.006495   0.435098
  0.993996   0.003489  -0.109362   0.333764
  0.000000   0.000000   0.000000   1.000000
 -0.000017   0.000000  -0.983379  -0.058247
  0.000090   0.158975  -0.179256   0.188922
  0.000015  -0.987283  -0.028864   0.340478
  0.000000   0.000000   0.000000   1.000000
 -0.000122   0.595418  -0.436069  -0.075396
  0.000091   0.803416   0.323174   0.063231
  0.000098   0.000000  -0.839883   0.280357
  0.000000   0.000000   0.000000   1.000000
 -0.000003   0.999792   0.010291  -0.002450
 -0.000080   0.000000  -0.863176   0.078054
 -0.000136  -0.020381   0.504798   0.323291
  0.000000   0.000000   0.000000   1.000000
  0.000113  -0.328478  -0.546417  -0.047471
 -0.000039  -0.944512   0.190030   0.021733
 -0.000085   0.000000  -0.815670   0.428621
  0.000000   0.000000   0.000000   1.000000
  0.000086   0.691038   0.301065  -0.078072
  0.000082  -0.722818   0.287828   0.068375
  0.000054   0.000000  -0.909128   0.358954
  0.000000   0.000000   0.000000   1.000000
  0.000029  -0.956079   0.084270  -0.133338
  0.000030   0.000000  -0.957779   0.023154
  0.000096   0.293108   0.274878   0.371191
  0.000000   0.000000   0.000000   1.000000
  0.000016   0.000000  -0.998375  -0.044147
 -0.000234  -0.567497  -0.046916   0.559716
 -0.000161   0.823375  -0.032336   0.432628
  0.000000   0.000000   0.000000   1.000000
  0.000331   0.000000  -0.802617  -0.095083
  0.000353  -0.611175   0.472124   0.441102
 -0.000273  -0.791496  -0.364563   0.328043
  0.000000   0.000000   0.000000   1.000000
 -0.000424  -0.506922  -0.540161   0.014936
 -0.000249   0.861992  -0.317659   0.428990
  0.000396   0.000000  -0.779307   0.339363
  0.000000   0.000000   0.000000   1.000000
  1.000000   0.000000   0.000000  -0.058247
  0.000000   1.000000   0.000000   0.188922
  0.000000   0.000000   1.000000   0.340478
  0.000000   0.000000   0.000000   1.000000
  1.000000   0.000000   0.000000  -0.075396
  0.000000   1.000000   0.000000   0.063231
  0.000000   0.000000   1.000000   0.280357
  0.000000   0.000000   0.000000   1.000000
  1.000000   0.000000   0.000000  -0.002450
  0.000000   1.000000   0.000000   0.078054
  0.000000   0.000000   1.000000   0.323291
  0.000000   0.000000   0.000000   1.000000
  1.000000   0.000000   0.000000  -0.047471
  0.000000   1.000000   0.000000   0.021733
  0.000000   0.000000   1.000000   0.428621
  0.000000   0.000000   0.000000   1.000000
  1.000000   0.000000   0.000000  -0.078072
  0.000000   1.000000   0.000000   0.068375
  0.000000   0.000000   1.000000   0.358954
  0.000000   0.000000   0.000000   1.000000
  1.000000   0.000000   0.000000  -0.133338
  0.000000   1.000000   0.000000   0.023154
  0.000000   0.000000   1.000000   0.371191
  0.000000   0.000000   0.000000   1.000000
  1.000000   0.000000   0.000000  -0.044147
  0.000000   1.000000   0.000000   0.559716
  0.000000   0.000000   1.000000   0.432628
  0.000000   0.000000   0.000000   1.000000
  1.000000   0.000000   0.000000  -0.095083
  0.000000   1.000000   0.000000   0.441102
  0.000000   0.000000   1.000000   0.328043
  0.000000   0.000000   0.000000   1.000000
  1.000000   0.000000   0.000000   0.014936
  0.000000   1.000000   0.000000   0.428990
  0.000000   0.000000   1.000000   0.339363
  0.000000   0.000000   0.000000   1.000000
    0.0500 /Time
  1.000000   0.000000   0.000000   0.000000
  0.000000   1.000000   0.000000   0.000000
  0.000000   0.000000   1.000000   0.000000
  0.000000   0.000000   0.000000   1.000000
 -0.109433  -0.003113  -0.993989  -0.038996
 -0.087161   0.996173   0.006476   0.070690
  0.990165   0.087346  -0.109285   0.301811
  0.000000   0.000000   0.000000   1.000000
 -0.109430  -0.002074  -0.993992  -0.038996
 -0.088013   0.996090   0.007611   0.070690
  0.990090   0.088317  -0.109185   0.301811
  0.000000   0.000000   0.000000   1.000000
 -0.109305   0.006127  -0.993989  -0.040135
 -0.002835   0.999975   0.006476   0.435090
  0.994004   0.003526  -0.109285   0.333763
  0.000000   0.000000   0.000000   1.000000
 -0.000043   0.000000  -0.895825  -0.058230
  0.000086   0.099661  -0.442195   0.188918
  0.000009  -0.995021  -0.044290   0.340486
  0.000000   0.000000   0.000000   1.000000
 -0.000105   0.538491  -0.516202  -0.075425
  0.000067   0.842632   0.329883   0.063246
  0.000097   0.000000  -0.790387   0.280364
  0.000000   0.000000   0.000000   1.000000
  0.000005   0.999515  -0.015990  -0.002466
 -0.000090   0.000000  -0.858026   0.078057
 -0.000150   0.031133   0.513357   0.323303
  0.000000   0.000000   0.000000   1.000000
  0.000130  -0.357319  -0.523265  -0.047486
 -0.000050  -0.933982   0.200189   0.021738
 -0.000094   0.000000  -0.828322   0.428634
  0.000000   0.000000   0.000000   1.000000
  0.000092   0.646240   0.317427  -0.078085
  0.000078  -0.763134   0.268805   0.068370
  0.000055   0.000000  -0.909387   0.358958
  0.000000   0.000000   0.000000   1.000000
  0.000027  -0.965993   0.055351  -0.133338
  0.000023   0.000000  -0.976819   0.023149
  0.000102   0.258569   0.206787   0.371195
  0.000000   0.000000   0.000000   1.000000
  0.000013   0.000000  -0.998907  -0.044154
 -0.000240  -0.537341  -0.039414   0.559710
 -0.000153   0.843365  -0.025112   0.432622
  0.000000   0.000000   0.000000   1.000000
  0.000304   0.000000  -0.833381  -0.095072
  0.000367  -0.598784   0.442663   0.441079
 -0.000275  -0.800911  -0.330947   0.328048
  0.000000   0.000000   0.000000   1.000000
 -0.000423  -0.496582  -0.557825   0.014921
 -0.000242   0.867990  -0.319135   0.428976
  0.000409   0.000000  -0.766148   0.339343
  0.000000   0.000000   0.000000   1.000000
  1.000000   0.000000   0.000000  -0.058230
  0.000000   1.000000   0.000000   0.188918
  0.000000   0.000000   1.000000   0.340486
  0.000000   0.000000   0.000000   1.000000
  1.000000   0.000000   0.000000  -0.075425
  0.000000   1.000000   0.000000   0.063246
  0.000000   0.000000   1.000000   0.280364
  0.000000   0.000000   0.000000   1.000000
  1.000000   0.000000   0.000000  -0.002466
  0.000000   1.000000   0.000000   0.078057
  0.000000   0.000000   1.000000   0.323303
  0.000000   0.000000   0.000000   1.000000
  1.000000   0.000000   0.000000  -0.047486
  0.000000   1.000000   0.000000   0.021738
  0.000000   0.000000   1.000000   0.428634
  0.000000   0.000000   0.000000   1.000000
  1.000000   0.000000   0.000000  -0.078085
  0.000000   1.000000   0.000000   0.068370
  0.000000   0.000000   1.000000   0.358958
  0.000000   0.000000   0.000000   1.000000
  1.000000   0.000000   0.000000  -0.133338
  0.000000   1.000000   0.000000   0.023149
  0.000000   0.000000   1.000000   0.371195
  0.000000   0.000000   0.000000   1.000000
  1.000000   0.000000   0.000000  -0.044154
  0.000000   1.000000   0.000000   0.559710
  0.000000   0.000000   1.000000   0.432622
  0.000000   0.000000   0.000000   1.000000
  1.000000   0.000000   0.000000  -0.095072
  0.000000   1.000000   0.000000   0.441079
  0.000000   0.000000   1.000000   0.328048
  0.000000   0.000000   0.000000   1.000000
  1.000000   0.000000   0.000000   0.014921
  0.000000   1.000000   0.000000   0.428976
  0.000000   0.000000   1.000000   0.339343
  0.000000   0.000000   0.000000   1.000000
    0.0600 /Time
  1.000000   0.000000   0.000000   0.000000
  0.000000   1.000000   0.000000   0.000000
  0.000000   0.000000   1.000000   0.000000
  0.000000   0.000000   0.000000   1.000000
 -0.109423  -0.003123  -0.993990  -0.038999
 -0.087161   0.996173   0.006465   0.070685
  0.990166   0.087344  -0.109277   0.301814
  0.000000   0.000000   0.000000   1.000000
 -0.109420  -0.002093  -0.993993  -0.038999
 -0.088016   0.996090   0.007591   0.070685
  0.990091   0.088318  -0.109177   0.301814
  0.000000   0.000000   0.000000   1.000000
 -0.109297   0.006112  -0.993990  -0.040142
 -0.002870   0.999975   0.006465   0.435085
  0.994005   0.003560  -0.109277   0.333765
  0.000000   0.000000   0.000000   1.000000
 -0.000054   0.000000  -0.850404  -0.058224
  0.000086   0.189889  -0.516557   0.188913
  0.000017  -0.981806  -0.099906   0.340481
  0.000000   0.000000   0.000000   1.000000
 -0.000129   0.500910  -0.507299  -0.075404
  0.000075   0.865499   0.293601   0.063233
  0.000108   0.000000  -0.810214   0.280356
  0.000000   0.000000   0.000000   1.000000
 -0.000014   0.996556   0.032769  -0.002451
 -0.000072   0.000000  -0.918616   0.078035
 -0.000168  -0.082927   0.393789   0.323324
  0.000000   0.000000   0.000000   1.000000
  0.000126  -0.333377  -0.486944  -0.047484
 -0.000045  -0.942794   0.172186   0.021728
 -0.000081   0.000000  -0.856293   0.428623
  0.000000   0.000000   0.000000   1.000000
  0.000078   0.620090   0.390257  -0.078074
  0.000062  -0.784531   0.308457   0.068381
  0.000057   0.000000  -0.867498   0.358959
  0.000000   0.000000   0.000000   1.000000
  0.000020  -0.987831  -0.008185  -0.133333
 -0.000007   0.000000  -0.998614   0.023172
  0.000126   0.155533  -0.051983   0.371175
  0.000000   0.000000   0.000000   1.000000
  0.000003   0.000000  -0.999942  -0.044152
 -0.000248  -0.545544  -0.009022   0.559709
 -0.000161   0.838082  -0.005873   0.432637
  0.000000   0.000000   0.000000   1.000000
  0.000282   0.000000  -0.822181  -0.095057
  0.000317  -0.627843   0.443051   0.441123
 -0.000256  -0.778340  -0.357384   0.328032
  0.000000   0.000000   0.000000   1.000000
 -0.000469  -0.523986  -0.457445   0.014959
 -0.000288   0.851727  -0.281422   0.429018
  0.000350   0.000000  -0.843532   0.339403
  0.000000   0.000000   0.000000   1.000000
  1.000000   0.000000   0.000000  -0.058224
  0.000000   1.000000   0.000000   0.188913
  0.000000   0.000000   1.000000   0.340481
  0.000000   0.000000   0.000000   1.000000
  1.000000   0.000000   0.000000  -0.075404
  0.000000   1.000000   0.000000   0.063233
  0.000000   0.000000   1.000000   0.280356
  0.000000   0.000000   0.000000   1.000000
  1.000000   0.000000   0.000000  -0.002451
  0.000000   1.000000   0.000000   0.078035
  0.000000   0.000000   1.000000   0.323324
  0.000000   0.000000   0.000000   1.000000
  1.000000   0.000000   0.000000  -0.047484
  0.000000   1.000000   0.000000   0.021728
  0.000000   0.000000   1.000000   0.428623
  0.000000   0.000000   0.000000   1.000000
  1.000000   0.000000   0.000000  -0.078074
  0.000000   1.000000   0.000000   0.068381
  0.000000   0.000000   1.000000   0.358959
  0.000000   0.000000   0.000000   1.000000
  1.000000   0.000000   0.000000  -0.133333
  0.000000   1.000000   0.000000   0.023172
  0.000000   0.000000   1.000000   0.371175
  0.000000   0.000000   0.000000   1.000000
  1.000000   0.000000   0.000000  -0.044152
  0.000000   1.000000   0.000000   0.559709
  0.000000   0.000000   1.000000   0.432637
  0.000000   0.000000   0.000000   1.000000
  1.000000   0.000000   0.000000  -0.095057
  0.000000   1.000000   0.000000   0.441123
  0.000000   0.000000   1.000000   0.328032
  0.000000   0.000000   0.000000   1.000000
  1.000000   0.000000   0.000000   0.014959
  0.000000   1.000000   0.000000   0.429018
  0.000000   0.000000   1.000000   0.339403
  0.000000   0.000000   0.000000   1.000000
    0.0700 /Time
  1.000000   0.000000   0.000000   0.000000
  0.000000   1.000000   0.000000   0.000000
  0.000000   0.000000   1.000000   0.000000
  0.000000   0.000000   0.000000   1.000000
 -0.109496  -0.003114  -0.993982  -0.038988
 -0.087159   0.996173   0.006481   0.070699
  0.990158   0.087344  -0.109349   0.301811
  0.000000   0.000000   0.000000   1.000000
 -0.109493  -0.001981  -0.993986  -0.038988
 -0.088107   0.996081   0.007720   0.070699
  0.990075   0.088422  -0.109239   0.301811
  0.000000   0.000000   0.000000   1.000000
 -0.109369   0.006123  -0.993982  -0.040127
 -0.002918   0.999975   0.006481   0.435099
  0.993997   0.003610  -0.109349   0.333761
  0.000000   0.000000   0.000000   1.000000
 -0.000022   0.000000  -0.972667  -0.058246
  0.000090   0.091387  -0.231232   0.188924
  0.000008  -0.995815  -0.021220   0.340484
  0.000000   0.000000   0.000000   1.000000
 -0.000111  -0.709778  -0.342680  -0.075410
  0.000088   0.000000  -0.873699   0.063235
  0.000112  -0.704426   0.345283   0.280345
  0.000000   0.000000   0.000000   1.000000
  0.000005   0.999320  -0.017384  -0.002460
 -0.000077   0.000000  -0.881880   0.078054
 -0.000144   0.036871   0.471154   0.323299
  0.000000   0.000000   0.000000   1.000000
  0.000124  -0.352565  -0.523431  -0.047484
 -0.000047  -0.935787   0.197206   0.021732
 -0.000090   0.000000  -0.828933   0.428623
  0.000000   0.000000   0.000000   1.000000
  0.000087   0.688907   0.258124  -0.078075
  0.000083  -0.724850   0.245324   0.068373
  0.000046   0.000000  -0.934445   0.358965
  0.000000   0.000000   0.000000   1.000000
  0.000026  -0.961447   0.056340  -0.133337
  0.000019   0.000000  -0.978787   0.023164
  0.000089   0.274989   0.196982   0.371197
  0.000000   0.000000   0.000000   1.000000
  0.000018   0.000000  -0.998161  -0.044157
 -0.000244  -0.539804  -0.051034   0.559715
 -0.000156   0.841791  -0.032726   0.432634
  0.000000   0.000000   0.000000   1.000000
  0.000299   0.000000  -0.816052  -0.095058
  0.000329  -0.628505   0.449555   0.441127
 -0.000266  -0.777806  -0.363262   0.328034
  0.000000   0.000000   0.000000   1.000000
 -0.000427  -0.491233  -0.551428   0.014932
 -0.000241   0.871028  -0.310988   0.428984
  0.000400   0.000000  -0.774089   0.339353
  0.000000   0.000000   0.000000   1.000000
  1.000000   0.000000   0.000000  -0.058246
  0.000000   1.000000   0.000000   0.188924
  0.000000   0.000000   1.000000   0.340484
  0.000000   0.000000   0.000000   1.000000
  1.000000   0.000000   0.000000  -0.075410
  0.000000   1.000000   0.000000   0.063235
  0.000000   0.000000   1.000000   0.280345
  0.000000   0.000000   0.000000   1.000000
  1.000000   0.000000   0.000000  -0.002460
  0.000000   1.000000   0.000000   0.078054
  0.000000   0.000000   1.000000   0.323299
  0.000000   0.000000   0.000000   1.000000
  1.000000   0.000000   0.000000  -0.047484
  0.000000   1.000000   0.000000   0.021732
  0.000000   0.000000   1.000000   0.428623
  0.000000   0.000000   0.000000   1.000000
  1.000000   0.000000   0.000000  -0.078075
  0.000000   1.000000   0.000000   0.068373
  0.000000   0.000000   1.000000   0.358965
  0.000000   0.000000   0.000000   1.000000
  1.000000   0.000000   0.000000  -0.133337
  0.000000   1.000000   0.000000   0.023164
  0.000000   0.000000   1.000000   0.371197
  0.000000   0.000000   0.000000   1.000000
  1.000000   0.000000   0.000000  -0.044157
  0.000000   1.000000   0.000000   0.559715
  0.000000   0.000000   1.000000   0.432634
  0.000000   0.000000   0.000000   1.000000
  1.000000   0.000000   0.000000  -0.095058
  0.000000   1.000000   0.000000   0.441127
  0.000000   0.000000   1.000000   0.328034
  0.000000   0.000000   0.000000   1.000000
  1.000000   0.000000   0.000000   0.014932
  0.000000   1.000000   0.000000   0.428984
  0.000000   0.000000   1.000000   0.339353
  0.000000   0.000000   0.000000   1.000000
    0.0800 /Time
  1.000000   0.000000   0.000000   0.000000
  0.000000   1.000000   0.000000   0.000000
  0.000000   0.000000   1.000000   0.000000
  0.000000   0.000000   0.000000   1.000000
 -0.109563  -0.003111  -0.993975  -0.038980
 -0.087146   0.996174   0.006488   0.070708
  0.990152   0.087331  -0.109415   0.301806
  0.000000   0.000000   0.000000   1.000000
 -0.109560  -0.001910  -0.993978  -0.038980
 -0.088104   0.996081   0.007797   0.070708
  0.990068   0.088428  -0.109299   0.301806
  0.000000   0.000000   0.000000   1.000000
 -0.109436   0.006120  -0.993975  -0.040118
 -0.003004   0.999974   0.006488   0.435109
  0.993989   0.003696  -0.109415   0.333752
  0.000000   0.000000   0.000000   1.000000
 -0.000036   0.000000  -0.949966  -0.058224
  0.000109   0.050184  -0.311960   0.188915
  0.000005  -0.998740  -0.015675   0.340480
  0.000000   0.000000   0.000000   1.000000
 -0.000121   0.659875  -0.409487  -0.075390
  0.000106   0.751375   0.359621   0.063225
  0.000105   0.000000  -0.838447   0.280346
  0.000000   0.000000   0.000000   1.000000
  0.000003   0.999751  -0.010083  -0.002451
 -0.000072   0.000000  -0.891997   0.078058
 -0.000143   0.022306   0.451929   0.323296
  0.000000   0.000000   0.000000   1.000000
  0.000159  -0.421646  -0.438295  -0.047521
 -0.000074  -0.906761   0.203808   0.021768
 -0.000097   0.000000  -0.875420   0.428625
  0.000000   0.000000   0.000000   1.000000
  0.000109   0.531525   0.320841  -0.078093
  0.000068  -0.847043   0.201330   0.068399
  0.000053   0.000000  -0.925488   0.358951
  0.000000   0.000000   0.000000   1.000000
  0.000019  -0.974343   0.097041  -0.133330
  0.000040   0.000000  -0.902276   0.023159
  0.000082   0.225070   0.420097   0.371193
  0.000000   0.000000   0.000000   1.000000
  0.000012   0.000000  -0.999139  -0.044149
 -0.000227  -0.576772  -0.033886   0.559699
 -0.000160   0.816906  -0.023925   0.432639
  0.000000   0.000000   0.000000   1.000000
  0.000302   0.000000  -0.823421  -0.095051
  0.000350  -0.601573   0.453274   0.441116
 -0.000263  -0.798817  -0.341351   0.328020
  0.000000   0.000000   0.000000   1.000000
 -0.000349  -0.786179   0.226215   0.014863
 -0.000222   0.000000  -0.930597   0.428975
  0.000444  -0.617998  -0.287777   0.339303
  0.000000   0.000000   0.000000   1.000000
  1.000000   0.000000   0.000000  -0.058224
  0.000000   1.000000   0.000000   0.188915
  0.000000   0.000000   1.000000   0.340480
  0.000000   0.000000   0.000000   1.000000
  1.000000   0.000000   0.000000  -0.075390
  0.000000   1.000000   0.000000   0.063225
  0.000000   0.000000   1.000000   0.280346
  0.000000   0.000000   0.000000   1.000000
  1.000000   0.000000   0.000000  -0.002451
  0.000000   1.000000   0.000000   0.078058
  0.000000   0.000000   1.000000   0.323296
  0.000000   0.000000   0.000000   1.000000
  1.000000   0.000000   0.000000  -0.047521
  0.000000   1.000000   0.000000   0.021768
  0.000000   0.000000   1.000000   0.428625
  0.000000   0.000000   0.000000   1.000000
  1.000000   0.000000   0.000000  -0.078093
  0.000000   1.000000   0.000000   0.068399
  0.000000   0.000000   1.000000   0.358951
  0.000000   0.000000   0.000000   1.000000
  1.000000   0.000000   0.000000  -0.133330
  0.000000   1.000000   0.000000   0.023159
  0.000000   0.000000   1.000000   0.371193
  0.000000   0.000000   0.000000   1.000000
  1.000000   0.000000   0.000000  -0.044149
  0.000000   1.000000   0.000000   0.559699
  0.000000   0.000000   1.000000   0.432639
  0.000000   0.000000   0.000000   1.000000
  1.000000   0.000000   0.000000  -0.095051
  0.000000   1.000000   0.000000   0.441116
  0.000000   0.000000   1.000000   0.328020
  0.000000   0.000000   0.000000   1.000000
  1.000000   0.000000   0.000000   0.014863
  0.000000   1.000000   0.000000   0.428975
  0.000000   0.000000   1.000000   0.339303
  0.000000   0.000000   0.000000   1.000000
    0.0900 /Time
  1.000000   0.000000   0.000000   0.000000
  0.000000   1.000000   0.000000   0.000000
  0.000000   0.000000   1.000000   0.000000
  0.000000   0.000000   0.000000   1.000000
 -0.109602  -0.003111  -0.993971  -0.038985
 -0.087204   0.996169   0.006498   0.070690
  0.990143   0.087391  -0.109453   0.301809
  0.000000   0.000000   0.000000   1.000000
 -0.109599  -0.001987  -0.993974  -0.038985
 -0.088034   0.996088   0.007716   0.070690
  0.990070   0.088349  -0.109345   0.301809
  0.000000   0.000000   0.000000   1.000000
 -0.109474   0.006142  -0.993971  -0.040124
 -0.002888   0.999975   0.006498   0.435089
  0.993985   0.003582  -0.109453   0.333776
  0.000000   0.000000   0.000000   1.000000
 -0.000026   0.000000  -0.952893  -0.058241
  0.000081   0.152898  -0.299741   0.188922
  0.000013  -0.988242  -0.046375   0.340482
  0.000000   0.000000   0.000000   1.000000
 -0.000098  -0.711442  -0.343884  -0.075418
  0.000079   0.000000  -0.872091   0.063236
  0.000100  -0.702744   0.348140   0.280352
  0.000000   0.000000   0.000000   1.000000
 -0.000002   0.999924   0.006582  -0.002453
 -0.000088   0.000000  -0.846519   0.078054
 -0.000139  -0.012363   0.532318   0.323297
  0.000000   0.000000   0.000000   1.000000
  0.000160  -0.291716  -0.487991  -0.047531
 -0.000049  -0.956505   0.148828   0.021735
 -0.000100   0.000000  -0.860067   0.428634
  0.000000   0.000000   0.000000   1.000000
  0.000066   0.000000  -0.877355  -0.078058
  0.000098   0.576690   0.392014   0.068353
  0.000069  -0.816963   0.276720   0.358935
  0.000000   0.000000   0.000000   1.000000
  0.000013  -0.988069   0.041093  -0.133329
  0.000023   0.000000  -0.963748   0.023157
  0.000081   0.154012   0.263631   0.371196
  0.000000   0.000000   0.000000   1.000000
  0.000008   0.000000  -0.999548  -0.044152
 -0.000235  -0.538286  -0.025343   0.559698
 -0.000150   0.842762  -0.016187   0.432639
  0.000000   0.000000   0.000000   1.000000
  0.000318   0.000000  -0.816130  -0.095073
  0.000357  -0.605348   0.459960   0.441089
 -0.000272  -0.795961  -0.349811   0.328049
  0.000000   0.000000   0.000000   1.000000
 -0.000438  -0.518587  -0.524219   0.014946
 -0.000266   0.855025  -0.317948   0.428998
  0.000398   0.000000  -0.790002   0.339377
  0.000000   0.000000   0.000000   1.000000
  1.000000   0.000000   0.000000  -0.058241
  0.000000   1.000000   0.000000   0.188922
  0.000000   0.000000   1.000000   0.340482
  0.000000   0.000000   0.000000   1.000000
  1.000000   0.000000   0.000000  -0.075418
  0.000000   1.000000   0.000000   0.063236
  0.000000   0.000000   1.000000   0.280352
  0.000000   0.000000   0.000000   1.000000
  1.000000   0.000000   0.000000  -0.002453
  0.000000   1.000000   0.000000   0.078054
  0.000000   0.000000   1.000000   0.323297
  0.000000   0.000000   0.000000   1.000000
  1.000000   0.000000   0.000000  -0.047531
  0.000000   1.000000   0.000000   0.021735
  0.000000   0.000000   1.000000   0.428634
  0.000000   0.000000   0.000000   1.000000
  1.000000   0.000000   0.000000  -0.078058
  0.000000   1.000000   0.000000   0.068353
  0.000000   0.000000   1.000000   0.358935
  0.000000   0.000000   0.000000   1.000000
  1.000000   0.000000   0.000000  -0.133329
  0.000000   1.000000   0.000000   0.023157
  0.000000   0.000000   1.000000   0.371196
  0.000000   0.000000   0.000000   1.000000
  1.000000   0.000000   0.000000  -0.044152
  0.000000   1.000000   0.000000   0.559698
  0.000000   0.000000   1.000000   0.432639
